2.653887154472980292e-01
2.521741029924576272e-01
2.159479957231130731e-01
2.134052777868974959e-01
2.104664805648982229e-01
1.834134344977074449e-01
1.725122606373154233e-01
1.617736641558053245e-01
1.438725028702659559e-01
1.262759977521380472e-01
1.186362557903083287e-01
1.230315974878474633e-01
1.168696200722327827e-01
1.342351613828231816e-01
1.686763963731242877e-01
2.335004405131220484e-01
2.682755533664045733e-01
2.811455005535782314e-01
3.423220490144920358e-01
3.772232986947758326e-01
nan
2.018634238596469233e-01
2.179076467297085262e-01
2.120758611454631182e-01
1.819859468566040750e-01
1.588897488579463502e-01
1.510514499741968109e-01
1.388424294133294712e-01
1.376939931880442891e-01
1.166859731614856566e-01
1.116910659497117042e-01
9.949908174834841412e-02
9.209062727494365941e-02
8.414161721992402532e-02
7.945700183203462108e-02
1.036506012268903071e-01
1.149976093706186336e-01
1.646482963567250379e-01
nan
nan
2.898937614185175260e-01
4.064702825995189506e-01
4.159740478938776520e-01
4.646030491667953455e-01
nan
1.350731718839253137e-01
1.194547661246909559e-01
1.133223702111455927e-01
1.013848344185222100e-01
8.825230870634635794e-02
9.161836207981387259e-02
8.441949628741327039e-02
8.409198406792743608e-02
7.237155817957463544e-02
6.745156145195226050e-02
7.245309755464125756e-02
1.248841702816025911e-01
2.032494069858234442e-01
2.630710774499563920e-01
3.829516407844607562e-01
4.299042688625224762e-01
4.954829175369014904e-01
5.361669457549701479e-01
5.756633813163021252e-01
6.141218185480973313e-01
6.351142151191890850e-01
6.570370410741426248e-01
6.915633676795546192e-01
nan
4.683711084041855544e-01
4.676026075613819999e-01
5.305480165913923907e-01
5.725125412688136795e-01
6.218411413217161954e-01
6.458167329604328488e-01
nan
6.563607965220247253e-01
6.765505659508310732e-01
6.706664071825491069e-01
7.484146714251336263e-01
nan
1.519900507921329580e-01
1.879995444166041585e-01
1.783361514972747475e-01
1.617961853722925114e-01
1.355286225349424112e-01
1.153268665566092865e-01
9.528400281130271210e-02
8.128644991563785394e-02
7.231007223266597284e-02
4.367481838715878140e-02
5.387097401042641176e-02
nan
nan
7.192367932433016420e-02
7.827701658618431424e-02
6.316108308107881708e-02
5.507471259365805810e-02
6.389468181190545437e-02
5.656754491147983344e-02
4.847228962014474285e-02
7.350730307992570101e-02
9.911724219778886291e-02
1.183859482190555007e-01
1.770737418311418288e-01
2.176950072747904918e-01
3.334738869420968421e-01
3.902401868757566783e-01
4.489708892398612816e-01
4.672123604628154458e-01
5.164092596669556112e-01
5.586503747132611775e-01
5.720185927483554256e-01
5.972920482325280167e-01
6.178226529621172469e-01
6.624634228399171043e-01
nan
3.067131294270503128e-01
3.304900392076278171e-01
3.869584325954971149e-01
4.557563717912755386e-01
4.819169673347821758e-01
5.091881096493958703e-01
5.502306286738756214e-01
5.929895423060066451e-01
6.225346845729192724e-01
6.483666416539528576e-01
6.384335961392680892e-01
nan
9.336720015562899322e-02
8.591546978873501605e-02
1.236862631978258714e-01
2.390173578346952710e-01
2.830341029152532162e-01
3.799002259719775898e-01
4.545768943070381263e-01
4.926851528066262254e-01
5.505520272824150352e-01
5.621325416134035358e-01
6.073993803269663871e-01
nan
3.400390680820558620e-02
3.998465706551918020e-02
nan
nan
nan
1.095179925299433754e-01
2.039479845333734553e-01
2.936443012900339378e-01
4.260031779884431713e-01
4.822440190897685497e-01
5.363475374579138588e-01
nan
4.033220992067716032e-02
4.633058729552057275e-02
3.936757222297528752e-02
3.161404250021598167e-02
6.607262270747225885e-02
8.978045087875177743e-02
1.610250358491378819e-01
1.754830695357095793e-01
3.715311694692661204e-01
4.285025712418119026e-01
4.949718614235176783e-01
nan
9.052236136671731881e-02
1.074273991187631727e-01
8.013589879407841121e-02
7.060218861466809048e-02
5.746420861889697806e-02
6.084599004395738198e-02
3.788247494643147417e-02
2.541704059980946090e-02
3.219891556899464463e-02
5.080829121002847920e-02
9.140948622544715907e-02
1.538571238349318859e-01
2.355174477615253892e-01
3.696805841734225329e-01
4.383269239726705346e-01
4.629165117990760026e-01
5.339160954587081065e-01
5.742052575752178978e-01
5.993199372027201433e-01
6.347798663648639428e-01
6.398556549178555652e-01
6.617699045643909983e-01
6.902982146899938609e-01
nan
nan
6.510487556362673511e-02
4.374017613131837845e-02
5.293132782587145480e-02
5.461054071553130690e-02
9.015355384551226869e-02
9.497302264956604401e-02
1.880195646761229633e-01
2.253792088390433046e-01
3.251992922542014663e-01
3.980793707414046478e-01
nan
1.139320384545563641e-01
1.451146047099804715e-01
1.240257438018187719e-01
1.131511314952490799e-01
8.474251233687538076e-02
7.693081821655978203e-02
7.506023853177158645e-02
5.861913813299313158e-02
5.700374118090240083e-02
3.404082381203725471e-02
3.585592226874849409e-02
3.539014650693730196e-02
4.618472568091994135e-02
8.017324439285586357e-02
1.323414916521863660e-01
1.946516609513512241e-01
2.779766879072767538e-01
3.763473495213875419e-01
4.283952962252980945e-01
4.856349600207642281e-01
5.338798188974688275e-01
5.740868597355388570e-01
5.962789536866489604e-01
nan
6.271596781755109373e-02
7.465711956635738555e-02
6.340342891537181780e-02
5.528826653649607931e-02
3.566005075183652923e-02
3.014959731918517849e-02
3.302411891693871754e-02
4.570656837115829457e-02
8.292708148358074460e-02
1.349767715598088613e-01
2.417987239973285185e-01
nan
1.039546079133704948e-01
1.093023410540614193e-01
9.439761853255154711e-02
7.347847913760428840e-02
7.165661292662789394e-02
5.065666936210469484e-02
4.056516257901739142e-02
3.042901348211635160e-02
2.782888816802257456e-02
3.823221555565645136e-02
6.962449897818380473e-02
1.100204399145019440e-01
2.027727786271694421e-01
3.297776774905369357e-01
4.321326881979377643e-01
4.902757757271521410e-01
5.501791105921517433e-01
5.650772101883235754e-01
5.892912827460098368e-01
6.150666423570637642e-01
6.330769234227311415e-01
6.597977159358582311e-01
6.821772955359258761e-01
nan
6.869014351795166284e-02
2.216080733130621275e-02
1.982022909729700549e-02
3.354803007800768316e-02
5.237479558970912358e-02
7.652857712342274465e-02
1.416373952181149698e-01
2.617454440301540397e-01
3.950442009800820276e-01
4.595692036061018726e-01
5.222037495286554476e-01
nan
2.738486812056950548e-02
3.820144539129042421e-02
1.966905669519370542e-02
2.967437488853065519e-02
7.060419763290720629e-02
1.410198005639233532e-01
2.249323122022156285e-01
3.581850431039053095e-01
4.338425072010440586e-01
5.192391625632063468e-01
5.507303698271671655e-01
nan
nan
3.070096650565039553e-01
3.364451099111053223e-01
3.852075421907598107e-01
4.339916399090487653e-01
4.786508355122927605e-01
5.115291995280464299e-01
5.392165460713012060e-01
5.607128634441357340e-01
5.867090638392801205e-01
5.918743240413539830e-01
nan
2.102330142669081928e-02
4.728627954523203364e-02
3.488214575463618322e-02
2.669088897743976396e-02
1.973913466804979103e-02
9.387380346888825680e-03
5.110482609443117719e-02
7.172698077397980654e-02
1.655247890590265947e-01
2.057306078223568868e-01
3.049598699649598288e-01
nan
1.736269499370986236e-01
1.753740686102647217e-01
1.602593604126553717e-01
1.636314124756519939e-01
1.372201695425131485e-01
1.306402386618618072e-01
1.119110019958225594e-01
1.043609761362510463e-01
8.407489220380355566e-02
6.879569936279177067e-02
6.602173758384577429e-02
5.900162832134684537e-02
3.422169950969607827e-02
2.722457727107775727e-02
8.421576283993484346e-02
2.305519002497658301e-02
4.203424283182456700e-02
7.707160843202338907e-02
1.140710572151503316e-01
1.696253359364154056e-01
2.594404580780602099e-01
3.658112225930504335e-01
4.418156188180120125e-01
nan
5.894049672973863951e-02
5.453185968558537516e-02
3.695191459590383559e-02
2.754440346449782417e-02
2.367495044121914818e-02
3.414168918948901760e-02
5.061333883263707117e-02
9.540975444439728226e-02
1.168648075311244650e-01
1.794226997411293711e-01
3.095436092831734265e-01
4.050452542083497476e-01
4.690794598290920492e-01
5.145224761130143820e-01
5.485215810735818431e-01
5.949337850901728064e-01
6.132265702973375143e-01
6.464821805918289366e-01
6.637039900603990406e-01
7.014614210493772539e-01
7.148015372615980079e-01
7.276905799265678265e-01
7.749262150302116403e-01
nan
1.079226577503907269e-01
6.555976417872945439e-02
1.170930750778327589e-01
1.900955701756880389e-01
2.684094129179230293e-01
4.156397884646154117e-01
4.884670075972470937e-01
5.572352647711119600e-01
5.715832528040367677e-01
6.049031206889114998e-01
6.219012609402677638e-01
nan
1.696372683077269627e-01
1.781205277541171583e-01
1.483228404987821381e-01
1.495875777836163378e-01
1.185486560223325825e-01
1.021144878952881807e-01
8.691271308794876194e-02
5.828311705863262193e-02
4.590171623733390049e-01
2.282418522853173898e-02
1.943426671811277970e-02
nan
nan
9.902112328968283583e-02
5.223938487442902207e-02
3.634574648377525419e-02
2.957810839579268214e-02
1.797467971457257854e-02
9.107660390118548638e-03
2.316278986173028742e-02
5.134713668928150843e-02
6.798215685523485707e-02
1.144012044022548608e-01
1.693730419517622543e-01
2.577008618261772965e-01
3.432248585749589354e-01
4.293454883070239037e-01
4.398738512603917461e-01
5.465964167221418757e-01
5.664870722691305316e-01
5.948795937555739766e-01
6.678120065838963892e-01
6.305206300001088282e-01
6.734856187717380704e-01
6.766083302325034410e-01
nan
1.190870400555386482e-01
1.907716538548423837e-02
4.729170720877173828e-02
5.689241790044036878e-02
1.244358483140403926e-01
1.956467125817802910e-01
2.729480013209668043e-01
3.730872778956698665e-01
4.449026538379254325e-01
4.677740965143530327e-01
5.265196466112370688e-01
nan
6.890562293580938802e-02
7.127491290466787810e-02
5.110513479557009936e-02
4.439360780029426995e-02
3.738056510231799190e-02
1.657165046268009936e-02
2.600654996047938733e-02
5.164795156555185979e-02
9.094525301159339659e-02
1.405408629714943181e-01
2.165663474298414048e-01
nan
1.529751294389957994e-01
1.529513566332613983e-01
1.427402623787865088e-01
1.436450629301268822e-01
1.160260733217087920e-01
8.600255023918662589e-02
7.668964913599490840e-02
6.403450780960401323e-02
4.645177256636261881e-02
2.572025281898313726e-02
3.106150495222733190e-02
5.004395497787467173e-02
7.492669783926265981e-02
1.477806563712699139e-01
2.280061338488827416e-01
3.380054541657214195e-01
4.285586316413310115e-01
5.066832606203828249e-01
5.572417557794192566e-01
5.923657712753895854e-01
6.324718047218025330e-01
6.540309813953659734e-01
6.845810638596421249e-01
nan
1.035372164358503988e-01
1.170469592711258777e-01
1.694054256366041844e-01
3.223809182088824277e-01
4.126084190530191487e-01
5.077577897599436785e-01
5.542512454867875027e-01
5.940286310512894463e-01
6.285699980455361491e-01
6.967478237255279039e-01
7.109865309030524161e-01
nan
1.114563032113606300e-01
1.144446387160721751e-01
1.872674024918306035e-01
3.313133872300064731e-01
4.275338695415029644e-01
5.064503688265736825e-01
5.623389856365875739e-01
6.571960904300975237e-01
6.363691471494834495e-01
6.586801174279963700e-01
6.985320630910981654e-01
nan
nan
1.221056315849824575e-01
1.248572994451482981e-01
1.106943769873649369e-01
1.172263833012322787e-01
8.927063961246717305e-02
6.936535570164349684e-02
6.998366868519324824e-02
6.001605388304783600e-02
3.606301861462047481e-02
1.793490228215051732e-02
2.171570944989656068e-02
3.813803751027743799e-02
4.634085371071970660e-02
6.494617210701339460e-02
1.186056080346657438e-01
1.781578489753836425e-01
2.696250749348685360e-01
3.270435504937886373e-01
3.783117932533426320e-01
4.640040597712377091e-01
5.042690558669012946e-01
5.264579408190783738e-01
nan
1.877350793022180553e-01
1.851042488320990553e-01
1.618107355306376283e-01
1.671211110573501968e-01
1.178820146263300228e-01
1.055717262897712116e-01
9.492531419088086342e-02
6.240297935623989600e-02
4.745660606347715943e-02
4.051091630885290257e-02
1.795678607166618229e-02
2.425013035343732623e-02
3.356609069138329071e-02
5.858903437381338120e-02
1.223505224377275796e-01
1.694206953191291221e-01
2.725249693146200025e-01
3.658884512565316327e-01
4.128356397731399174e-01
4.917451339977174096e-01
5.389272782547408491e-01
5.728722268384686123e-01
6.152469704737181244e-01
nan
1.635401931162218381e-01
1.363968261766619894e-01
2.139493579863946948e-01
3.147127095504294592e-01
3.907297016924896060e-01
4.799196458673155585e-01
5.478850567520121562e-01
5.625874584039791682e-01
6.061872623506306956e-01
6.393547359119291507e-01
6.673786702138244653e-01
nan
7.498101738667979632e-02
6.077046037002813150e-02
1.095252941588024942e-01
1.928869449404371217e-01
2.633979763404840080e-01
3.655340250175928007e-01
4.562206234621819512e-01
4.899901996270484839e-01
5.222613165333382934e-01
5.669090269941947646e-01
5.999054360940638819e-01
nan
1.763863904191375481e-02
1.943755275426059526e-02
1.268500830687450259e-02
3.480530414219178137e-02
7.119384741446332932e-02
1.080567946820059355e-01
1.735594193014676212e-01
2.600509903762249220e-01
3.875564629979765807e-01
4.697251802809469523e-01
5.057338854582303922e-01
nan
2.026620231004016073e-02
1.225897694838264974e-02
2.615185482889016699e-02
5.653747283182290750e-02
8.403233303696108769e-02
9.976273330828629160e-02
1.802074448141591512e-01
3.505244946374803106e-01
4.031355936483699276e-01
4.735550385524573413e-01
5.226460264405708989e-01
nan
nan
8.546777782236052168e-02
3.105390372935332849e-02
2.223564648267235475e-02
3.859114906976185200e+00
4.657784130782771648e-02
7.939755809348142401e-02
1.403177318171025811e-01
1.896637259455155600e-01
2.643215430487063644e-01
3.278924802201450550e-01
nan
1.051199335119356454e-01
1.268455164360532683e-01
1.852077639018878119e-01
9.744874095979542961e-02
9.190664250347474473e-02
6.436288135688991718e-02
4.568654755634316694e-02
4.339269219329734001e-02
2.047300599837304988e-02
1.406795732387317553e-02
1.355999051443847019e-02
5.261785359024014064e-02
6.695705268936838483e-02
1.016692875324470280e-01
1.338507582646901728e-01
1.995691263249478042e-01
3.050939169457627664e-01
3.882859690195064051e-01
4.279852676773762132e-01
4.874172659386659112e-01
5.174688925585594346e-01
5.585916730259467000e-01
5.795932383322376369e-01
nan
2.728081818955192112e-02
2.500094404114841518e-02
1.455750800947980955e-02
2.183100993188636860e-02
4.730932955974066073e-02
8.023430446407411876e-02
1.407945470935076382e-01
2.309094777963019984e-01
3.195481462274659124e-01
4.092555361899541388e-01
4.520812932733815348e-01
nan
4.778663472507544557e-02
5.184494519911034965e-02
4.717473076258104497e-02
3.135110778478618354e-02
1.543803407480908059e-02
2.301438937100574317e-02
4.901754056502649615e-02
8.109775871020073745e-02
1.184903370589168170e-01
1.866065349858829214e-01
2.773400039213911317e-01
3.597121598885910654e-01
4.257206634821050772e-01
5.037124327577690019e-01
5.351376177603824891e-01
5.691254693543276177e-01
6.061209770435569411e-01
6.248747562409163736e-01
6.521172114867743730e-01
6.626096584322646033e-01
6.906202456934811273e-01
7.374670654004021886e-01
7.706691933839262543e-01
nan
1.763914498230786665e-01
1.617535369822761526e-01
2.440620112402906716e-01
3.397649359199829133e-01
4.110025775647689339e-01
4.762587627665306189e-01
5.331988341191095104e-01
5.750781411032365176e-01
6.095444364155767625e-01
6.362636189461494673e-01
6.770223553786919313e-01
nan
4.339551358302055906e-02
2.047767539009274010e-02
6.613239504852021222e-02
1.181117355983274386e-01
1.777867508677650477e-01
3.744827886431853603e+00
3.553693106660557599e-01
4.407764005202491342e-01
5.039960118811164236e-01
5.339198013490863426e-01
5.919918054775117344e-01
nan
nan
2.925536932430797959e-02
1.888699143233597832e-02
9.167798254470758273e-03
3.829015395849554720e-02
3.492958903747891974e-02
7.875193122588360073e-02
1.220549818258262753e-01
1.567570157919946916e-01
2.522483929426771465e-01
3.403641091857316781e-01
nan
4.640517781134963216e-02
6.578632316262346402e-02
5.900514594074954267e-02
3.373594912103625165e-02
2.174018490433948791e-02
2.624471915385476889e-02
2.927773879941998267e-02
8.962178752945566818e-02
1.423867935205835045e-01
1.981089509612612154e-01
2.532912231967280881e-01
nan
5.603179871617910285e-02
8.797594112954804091e-02
6.764416861663116731e-02
5.813547501734634554e-02
4.268825874161297218e-02
2.761359248454964624e-02
1.838828858149400489e-02
3.297974366638410648e-02
5.548401738121538918e-02
8.504237815141942047e-02
1.362317207870942515e-01
2.101566562092208879e-01
2.852044504824272630e-01
3.529956778209479840e-01
4.301941101735077266e-01
4.632696212057350049e-01
5.187628210970027798e-01
5.546837617286921596e-01
5.826781291040010746e-01
6.006420421429937706e-01
6.330620534188243775e-01
6.626178328292918751e-01
7.012466645008247346e-01
nan
3.238325112681518791e-01
3.439345385203442240e-01
4.182366679139908894e-01
4.679648479785936122e-01
5.223143875960468696e-01
5.567175641387374085e-01
6.019005504768412118e-01
6.416772236603156543e-01
6.743544550922089265e-01
6.828375931715526814e-01
7.320598446311945562e-01
nan
2.894028658394205422e-01
2.805884279223926359e-01
3.746372368501698635e-01
4.702434624221957238e-01
5.210372913823485552e-01
5.623151494466178679e-01
5.952601169772772094e-01
6.395415742138014226e-01
6.715319499941156955e-01
6.983884263039757956e-01
7.407553340854863277e-01
nan
7.077688663085393572e-02
5.230316589251358950e-02
9.067230530198386318e-02
1.504487549178663008e-01
2.641076736894651944e-01
3.458452721782606099e-01
4.366161086118827694e-01
4.946160105591687062e-01
5.445441899963446852e-01
5.823372347847289854e-01
6.164276395836010281e-01
nan
2.553348931744764058e-02
1.940071533879659735e-02
3.640516589996482810e-02
8.608914869626121957e-02
1.392819979906517736e-01
2.248652415450648756e-01
3.333698967642367283e-01
4.325165459560423309e-01
4.848531318019921321e-01
5.385590687872455762e-01
5.803305734245230996e-01
nan
nan
2.580255899105667050e-02
8.969264081621191806e-03
2.609844834766537544e-02
5.053724076300382395e-02
6.740165014309318359e-02
1.044374435206472940e-01
1.559536965868885128e-01
2.287154844795425412e-01
3.296358192599175285e-01
3.762431634260416380e-01
nan
6.647418570358927525e-02
9.335743697270157404e-02
6.809600179501540396e-02
5.274189428189024476e-02
3.787148529716347772e-02
2.185618501684827644e-02
1.247942445256425455e-02
4.407707219579941327e-02
6.557425327774925317e-02
1.208779943663578355e-01
1.106994886628724473e+00
nan
1.683191358709642260e-01
2.221214422561036961e-01
1.919164502159513008e-01
1.739522682234419526e-01
1.628078279701067888e-01
1.261747865753195530e-01
1.053878674506321111e-01
7.468618982242615500e-02
6.637989779098169008e-02
3.493006315440141257e-02
4.550341828579524718e-03
2.643133631285506796e-02
6.712388666468925569e-02
1.281770644135918624e-01
1.783171598555288728e-01
2.659513722925783141e-01
3.576460106382743920e-01
4.224561821905722936e-01
4.947023787385682603e-01
5.392614984194071814e-01
5.703201056613900199e-01
6.165941649937547453e-01
6.583577828120572573e-01
nan
2.493750008036453303e-01
2.741346636169096351e-01
3.349257926047487510e-01
4.387845428392493918e-01
5.025957939027650978e-01
5.538003327928467945e-01
5.983830335420060598e-01
6.509844053217075377e-01
6.605204472091095180e-01
7.094932458959464228e-01
7.542650323141905089e-01
nan
2.743093292925222193e-01
2.828806949865692033e-01
3.848685149351195878e-01
4.685297110440629353e-01
5.155384970295486813e-01
5.656236371262088891e-01
6.143415444846727080e-01
6.495790878085024866e-01
6.928158327177569298e-01
7.369814930754986504e-01
7.739599581261730199e-01
nan
2.734917124920213660e-01
3.069409059665564321e-01
4.181553107192691465e-01
4.871182152856078362e-01
5.568261710334684311e-01
5.890954849524565606e-01
6.220516273310214839e-01
6.567593246583230959e-01
7.040473298711593664e-01
7.677506973430519022e-01
8.322378178814322514e-01
nan
2.366083757751860361e-01
2.965326677394555799e-01
2.466839390076716043e-01
2.114591326055621223e-01
1.648289149435115120e-01
1.200370487404132103e-01
1.169376555442178667e-01
6.998829195213875087e-02
6.218104864451035746e-02
2.374150838845920722e-02
3.855149094853269065e-02
nan
nan
1.706093593586351376e-01
1.641043206372080898e-01
1.488185154536295629e-01
1.298642585736577149e-01
1.266964706222072079e-01
8.926889724615648392e-02
8.565672593082379604e-02
6.939980777991580640e-02
4.678475524853501627e-02
3.981042111470940031e-02
1.507076251408525323e-02
1.994040127762651549e-02
2.420020333332882981e-02
7.056212531286783218e-02
9.518433978863687084e-02
1.691707841315006067e-01
2.476740438205740635e-01
3.310475062825481429e-01
3.872672644866274605e-01
4.678252682711499522e-01
5.013050447508065055e-01
5.309983226757002406e-01
nan
2.596160540324585209e-01
2.900774868608944068e-01
3.950778852951130071e-01
4.526734903715580183e-01
4.975247704506937096e-01
5.363049524018387304e-01
5.661008973645486053e-01
6.148044505641051538e-01
6.506606986336460619e-01
6.717011050375585324e-01
6.977869048918045047e-01
nan
3.270931032108950753e-01
3.098163084422959623e-01
4.088372899949426764e-01
4.646472016147721873e-01
5.124494285595608822e-01
5.582112178781939438e-01
5.980645469359898714e-01
6.296280427654576961e-01
6.646417281375955888e-01
7.106256998716395934e-01
7.549274687845427545e-01
nan
2.455702388875068420e-01
2.290900481111830533e-01
3.202953021308587722e-01
4.082616992081416485e-01
4.990873962494919991e-01
5.590565554328351672e-01
5.888445684567439331e-01
5.857590772473256768e-01
6.641876298875482032e-01
6.968689478321422603e-01
7.541193580230309834e-01
nan
4.156433677134144244e-02
3.876513515988493780e-02
3.637589937417951697e-02
8.162382404742772601e-02
1.512928061127159496e-01
2.747514056342684197e-01
3.864229157345628884e-01
4.927764485369099945e-01
5.837432480373533350e-01
6.475220186687344892e-01
6.874557753293689677e-01
nan
3.777635583236061412e-01
4.291413011782201914e-01
5.012666948246692344e-01
5.620521672732472496e-01
6.138029676348905062e-01
6.686800154290623022e-01
7.200958787212016210e-01
nan
8.392812320565691264e-01
8.886768683001985414e-01
9.243106319349760902e-01
1.004624374507200324e+00
9.299010703967970637e-02
2.928807667073355520e-02
7.645651217225206409e-02
1.346859184819579613e-01
2.879793690414642615e-01
4.114013749993910563e-01
5.078366296671718016e-01
5.953332866779402766e-01
6.117054941811300717e-01
6.665704107602382633e-01
7.219351354207427240e-01
nan
nan
3.027910076199164663e-02
8.129608719836676350e-03
9.492282576715927941e-03
5.862110591717357988e-02
9.048595191679377481e-02
1.273844063226650947e-01
1.811442235782863563e-01
2.854312826755228127e-01
3.594264239140638750e-01
4.198433986731894274e-01
nan
2.319805985877700441e-02
4.440445252896526446e-02
1.881429996382588676e-02
2.133748405119554811e-02
3.640734239776768910e-02
9.655839981577667153e-02
2.043152109116909421e-01
2.894819566115272025e-01
3.919258531787771505e-01
4.386172738909469571e-01
4.905787085386000279e-01
nan
1.468379811321853246e-01
1.710213809953779474e-01
2.548546190955164881e-01
3.355350831599667183e-01
4.393232670645054738e-01
4.849248068102847142e-01
5.503572556005416061e-01
5.943100774354055371e-01
6.135560501901787811e-01
6.357611099845169589e-01
7.012606348719819804e-01
nan
3.457168152123344523e-02
1.680003928199914551e-02
4.591623070347463503e-02
1.058586098358239858e-01
1.695717627966874530e-01
2.708383312895971118e-01
3.928752696911889664e-01
4.583475481311569677e-01
5.197399710939998307e-01
5.763177874439333603e-01
6.056166173671908570e-01
nan
1.943081407242739922e-01
2.216418413430237544e-01
1.853267794536703206e-01
1.511292125359847693e-01
1.266108240878838498e-01
1.011702238314870217e-01
7.442243899260585216e-02
5.476125217259339428e-02
1.515250650101885449e-02
5.561108215910600533e-02
8.645640344042489212e-02
5.715978333280805623e-01
2.589099464014932850e-01
4.107310211232791941e-01
5.162028985794104852e-01
5.642842507737373392e-01
6.112544391375900332e-01
6.569385154102648228e-01
6.872442575822429456e-01
nan
8.231617872239925804e-01
8.694003928979344709e-01
9.347232631343921350e-01
9.772508998268357727e-01
6.814340911738402118e-02
2.389985581969445924e-02
4.747178284653989777e-02
1.261941112336272819e-01
2.261516590046781516e-01
3.732009508700911415e-01
4.855293254572630723e-01
5.326951711393932420e-01
5.846424142827378878e-01
6.250856534422463140e-01
6.778756982313915991e-01
nan
7.292728320994674995e-02
1.117103312079325145e-01
7.550525723797489597e-02
3.527620998950865144e-02
9.071988451542240678e-03
7.618278322565665006e-02
1.692646858430734702e-01
3.199849052413601957e-01
4.516747277711487540e-01
5.311465318547804459e-01
5.836965800953249905e-01
nan
nan
1.029371722936124611e-01
1.206903144196826844e-01
1.649794308018346367e-01
3.476148537421485663e-01
3.257899223758869423e-01
3.890675162562804434e-01
4.578842297299534625e-01
4.885664203361465008e-01
5.341233052333693720e-01
5.664956365451823128e-01
nan
5.631006902383382806e-02
9.671165244185685184e-02
6.614474010997932474e-02
2.738279420047406293e-02
1.487617089056102876e-02
2.889475055096648454e-02
5.158779321047352040e-02
2.124025754742458749e-01
1.839875773432060602e-01
2.197658320986170255e-01
3.084375779095943626e-01
nan
3.688063552051576433e-02
6.044342447522749184e-02
1.018914025589244821e-01
1.519990346196195274e-01
2.719305962199325966e-01
3.609185044849492763e-01
4.404050760507378648e-01
4.374013563361674461e-01
5.486418343655169449e-01
5.612133781394190724e-01
6.261931606868710309e-01
nan
4.548482641754111183e-02
3.813563986752633445e-02
6.985022809150759349e-02
1.136865772121003482e-01
1.880718541945031741e-01
3.035517041865685162e-01
3.932189432309021182e-01
4.695121881346276949e-01
5.230589133071174013e-01
5.670415106545719786e-01
5.925602411230096456e-01
nan
2.232290320757288060e-02
1.579562944624967116e-02
3.455005440280548706e-02
7.314028237521737197e-02
1.197900032836216877e-01
2.168936073047760260e-01
3.139650179777165317e-01
4.307279088692057001e-01
4.919141401735586117e-01
5.455147124430580474e-01
5.958031422699778812e-01
nan
1.121303510765100930e-01
4.394244402615807288e-02
1.674370889486391858e-02
4.617413664914322285e-02
8.999626348418637845e-02
1.528236185377897516e-01
2.501016543361220257e-01
3.698554508471328939e-01
4.705165376620113471e-01
5.232249464425215990e-01
5.861372910457668395e-01
nan
1.789029150438624371e-01
1.616446066894602351e-01
3.263981303219881114e-01
4.103720838275761174e-01
4.966290690962722465e-01
5.346150421992846846e-01
5.999880986961735330e-01
6.486301979895390257e-01
7.005084023949682548e-01
7.546490322099345116e-01
8.018449723098902693e-01
nan
3.470697719906014056e-01
3.862367086895793222e-01
5.048376644354698461e-01
5.544424138587145112e-01
6.129166425341530111e-01
6.517559942544431939e-01
7.091145966861636118e-01
7.815355011538037688e-01
8.192473704370740739e-01
8.849963649070777816e-01
9.396870890522477371e-01
9.729093821415571997e-01
nan
2.904493290605179023e-01
2.594910398242178395e-01
2.406054145133252886e-01
2.270451546553319544e-01
1.935689119497049082e-01
1.823312338666170929e-01
1.698612379721035626e-01
1.384028661345861888e-01
1.318878725008506281e-01
1.062683965244477780e-01
9.158755617027952711e-02
6.791334107651932073e-02
5.864475365803266393e-02
2.574034122600879493e-02
3.473481031880339132e-02
3.731237331480859176e-02
7.853932144009324878e-02
1.125297816929811956e-01
1.664391290877844654e-01
2.494150013396850274e-01
3.074556593027161777e-01
3.661414863139635378e-01
nan
6.855712609682822201e-02
7.831104477456608814e-02
5.396967832682916799e-02
3.905470406968227226e-01
2.240983626322562774e-02
3.405100137030595692e-02
6.860110993418143399e-02
1.101654284438047388e-01
1.771008282817316259e-01
2.894087345092621888e-01
3.571146525758684409e-01
nan
6.528903072726992274e-02
7.374838493882232560e-02
1.297845117000792914e-01
2.153922272348543776e-01
2.936791068272287530e-01
4.057109663166141300e-01
4.703110305081943388e-01
5.369743330301530726e-01
5.684677417928102328e-01
6.115398520596933007e-01
6.373157384963378247e-01
nan
7.935459189002745661e-02
7.548801293654008870e-02
1.122371379096177291e-01
1.869762957800983616e-01
3.177898056224751633e-01
4.010706322664587820e-01
4.644888526211187196e-01
5.408802181710582468e-01
5.578141833961565155e-01
6.276259651341481449e-01
6.612844689009327315e-01
nan
6.822385939064788685e-02
5.747175887481851403e-02
1.123214765212933730e-01
1.910049478478506868e-01
3.116292731328457188e-01
4.171578943176984522e-01
4.816809168267971453e-01
5.439303606428876892e-01
5.898960145204096284e-01
6.488942771826630151e-01
6.910463615986611741e-01
nan
9.693684752110620639e-02
5.689462354830305407e-02
1.446848936039228650e-01
1.918234522235796324e-01
3.304833874917681991e-01
4.362932197512868759e-01
4.987425925384746939e-01
5.658756045688141390e-01
6.198462348646582853e-01
6.553248178448425332e-01
7.054476945197623028e-01
nan
3.682140637627266400e-01
4.066081779044724565e-01
5.009726391833538850e-01
5.479739106361690704e-01
6.045927158583396244e-01
6.569198536989646620e-01
6.926163734812263995e-01
7.628046885821874179e-01
8.052728437108281900e-01
8.667860436525011147e-01
9.158951272174556957e-01
nan
nan
2.128162074304702223e-01
6.358503784519295987e-01
1.813772322553348637e-01
1.564787819486079534e-01
1.439020312247456246e-01
1.261206340150941574e-01
1.050850289484400318e-01
1.008999751087563679e-01
8.249628749094205238e-02
6.375540156535511316e-02
4.001985873734574539e-02
2.830069838072002061e-02
3.097760610552616548e-02
4.081579523755435313e-02
7.754792556685030647e-02
1.169381179442650631e-01
1.494960182452943209e-01
1.654628508345165894e-01
3.121628537786835800e-01
4.007376575789509121e-01
4.649792679052971445e-01
5.139633718717095956e-01
nan
1.241582057933984795e-01
1.670929859375168969e-01
1.759002934881640501e-01
2.542724684150943770e-01
3.504023102945713064e-01
4.207175573854953221e-01
4.771693222418735836e-01
5.081982861091672854e-01
5.499094345836263997e-01
5.959022356683172372e-01
6.388008320829441367e-01
nan
1.777067040336874904e-01
1.677575729453398556e-01
2.620904687717269255e-01
3.474629219157508997e-01
4.471624909253051894e-01
5.046322689384461491e-01
5.433273021004451087e-01
5.945666575883911120e-01
6.317526747965355183e-01
6.729431834964502146e-01
7.258405433578507537e-01
nan
1.184708844695785412e-01
1.111243536077707039e-01
8.502266124332007180e-02
6.547587147647906947e-02
2.518693236141486894e-02
1.990411502832031485e-02
4.166240840096395448e-02
8.913732704622506775e-02
1.461350620428528979e-01
2.517058198908209143e-01
3.835011165478684481e-01
nan
2.910150738122107769e-02
4.120425421027188589e-02
2.003082326415803194e-02
3.271248225831244194e-02
6.013753439977453236e-02
1.334223018224705570e-01
2.095640397044664094e-01
3.223106690318541245e-01
4.098257004166611095e-01
4.820360539623096963e-01
5.159960374402308148e-01
nan
2.916493557445679757e-02
2.038593301388642517e-02
5.071049563062319382e-02
8.679600686573514523e-02
1.480028632951251866e-01
1.899101073433383802e-01
3.107425026187121131e-01
4.078642639001683889e-01
5.178886025165939655e-01
5.465400639522062232e-01
6.152785835834474470e-01
nan
3.994723278688940699e-02
2.736492420859292993e-02
7.170541970359536887e-02
1.235866263137338633e-01
2.308655486874233720e-01
3.747327557766587103e-01
4.875974595371673215e-01
5.710666700996737122e-01
6.181439458987862956e-01
6.583165635449871322e-01
7.157013592873554542e-01
nan
nan
5.123118512657448553e-02
2.264147393971523495e-02
5.192849748388625453e-02
8.235174458155515576e-02
1.100530774798740563e-01
1.788838065484588402e-01
2.497714794365774593e-01
3.542675939009395925e-01
4.225560849328052204e-01
5.098096629363091381e-01
nan
9.725955441813857738e-02
7.518656546789839745e-02
9.911095210506845610e-02
1.686223924534072938e-01
2.581322226790667695e-01
3.942385523101071820e-01
4.539161450139949650e-01
4.837698246314628414e-01
5.317580272378692463e-01
5.578507129981021828e-01
6.121137393245285052e-01
nan
1.981858044586759793e-01
2.060644524605777517e-01
3.005955378350250728e-01
3.929933706157594520e-01
4.574511909315222558e-01
5.256503443163776934e-01
5.648474034390202903e-01
5.853393916049917101e-01
6.420243996988491686e-01
6.584983044167536104e-01
7.141344543803987976e-01
nan
9.466784984360446242e-02
1.171846194561513982e-01
1.826384375875521049e-01
2.492241190204857737e-01
3.792426248216999030e-01
4.166095691759939545e-01
4.861072426921114187e-01
5.401244528420906521e-01
5.650987608707831455e-01
6.040658927147187773e-01
6.545102358477308258e-01
nan
6.726060531305474988e-02
9.132421475846146108e-02
6.567212958192017447e-02
4.707426809915668531e-02
3.213898502440783872e-02
3.146670171733984694e-02
7.624954748895783341e-02
9.619062233149572316e-02
1.712882585182648465e-01
2.462234025477503252e-01
3.533316987462566394e-01
nan
3.532069408628427803e-02
3.606670887535625564e-02
7.877408254341071447e-02
1.191286403771033703e-01
2.108472210997179574e-01
3.173936870634661012e-01
3.692644208121203531e-01
4.785785662559141063e-01
5.299255364269331858e-01
5.871712839516370908e-01
6.228149309203752093e-01
nan
2.517872098047082771e-02
4.515166070217072058e-02
1.714455025615473430e-02
3.509935503647564764e-02
1.542829397743775977e-01
1.666928440907454734e-01
2.574559910946211394e-01
3.723938331848513639e-01
4.858930926982509280e-01
5.359671297700340231e-01
6.060588000375713991e-01
nan
5.868870855617884519e-02
8.493957291918242947e-02
5.036192008445174173e-02
3.087598184318911601e-02
6.601721710574477708e-02
8.639570435420886041e-02
1.774199141131615198e-01
2.948271468673471785e-01
4.287353788987701142e-01
4.942743204161909598e-01
5.620755660441263402e-01
nan
nan
2.194123354010393545e-01
2.072300231182082897e-01
2.075752913103705855e-01
1.918066913980667754e-01
1.706103060914563319e-01
1.415481964243858470e-01
1.254619766163756478e-01
1.163559312560411424e-01
9.289872363471357586e-02
8.108877649913005803e-02
5.961806860927370416e-02
4.904643719784673728e-02
3.823465761472592817e-02
3.922555357960784417e-02
5.367135424076382305e-02
7.455344271940481105e-02
1.221450148464789803e-01
1.664220508913095420e-01
2.358472728424329812e-01
2.715701208456234861e-01
3.574869960180936945e-01
4.189256471442130980e-01
nan
4.494633553630274225e-02
6.968551777222477261e-02
3.961895452659350281e-02
3.445800430164901867e-02
4.492037273036400546e-02
6.199103356611990884e-02
9.841913521166030521e-02
1.818541857281383844e-01
2.508866280932230963e-01
3.491603755802539233e-01
4.458382999991465367e-01
nan
3.367034583127286040e-02
4.547596651698296993e-02
4.431454770808670313e-02
4.018853954238321702e-01
1.573657881968537620e-01
2.691615470118696174e-01
3.467599434355200239e-01
4.266507688930121778e-01
4.992268433079180001e-01
5.343079311352566529e-01
5.787380863204133474e-01
nan
2.188904092911002700e-02
5.899835346187432689e-02
4.586773467254809389e-02
5.143565063115576597e-02
1.011424041272487306e-01
1.704060299467803352e-01
2.971014291768803717e-01
3.876653403182891422e-01
4.568363615037286385e-01
5.218566648157710874e-01
5.439958705791912985e-01
nan
5.809165658344693506e-02
6.590397637323221203e-02
5.149867989266260909e-02
4.548929531167802964e-02
1.449932829007077872e-01
1.280479254461859007e-01
2.110056289450451261e-01
3.188402721218906444e-01
4.259113398451161436e-01
4.923168642013568963e-01
5.670041274284705057e-01
nan
9.303869375524521923e-02
1.036856689578215251e-01
7.892430565284183630e-02
4.218651608332170400e-02
3.361640096617278528e-02
5.245457028297632190e-02
9.249158096152702846e-02
1.627855410359277111e-01
2.746080175748808472e-01
3.724676197776260467e-01
4.554531688001806078e-01
nan
2.581112700320987718e-01
2.665146284506829666e-01
2.216017931373253924e-01
1.848101873225102554e-01
1.379725963789059096e-01
1.029184659319312273e-01
6.985240763808696352e-02
4.759425816547573074e-02
4.154130929399299510e-02
8.246805041478674769e-02
1.976531447035602684e-01
nan
nan
1.259094594748807472e-01
1.244027658564271360e-01
1.023981695698256422e-01
8.830808664218471604e-02
7.802723591020231664e-02
4.732936693146651969e-02
4.295925852184379057e-02
nan
4.903078286361675642e-02
4.757366838510664053e-02
1.021720413236281294e-01
1.213488631510259291e-01
2.019868098309413329e-01
2.798970421439440637e-01
3.720904279747410115e-01
3.936421840376620462e-01
4.545686890936723179e-01
4.945840807419777385e-01
5.265609044564898422e-01
5.640370779753123287e-01
6.046324913999274742e-01
6.235323727567129160e-01
nan
1.204716848311957328e-01
8.641808045211975264e-02
1.590685982831284151e-01
1.944707261569913193e-01
2.864913699541594694e-01
3.605226693711149344e-01
4.147053339072403477e-01
4.555348772410240943e-01
5.037086502866381377e-01
5.357526098384790547e-01
5.733865527852040067e-01
nan
7.391092055436211672e-02
7.921958243727164617e-02
1.606867843292105469e-01
2.142313744630684746e-01
3.349850797263870805e-01
3.412504628372968196e-01
3.875460708367733931e-01
4.458490078747071594e-01
4.701945832397737002e-01
5.167602445505592446e-01
5.433264231915986286e-01
nan
4.815559803196321070e-02
4.549645132912795431e-02
6.403001440807158662e-02
1.054005394622542224e-01
1.548958664247398198e-01
2.171129212678107601e-01
2.697099022127394385e-01
3.221633749604361774e-01
3.815623321317951344e-01
4.350806577475834769e-01
4.908224639318422566e-01
nan
9.748243451076289701e-02
3.970836380937651788e-01
4.483247706698311186e-01
4.732804271358659887e-01
5.246886527133127753e-01
5.509300641080143723e-01
6.075541457680420088e-01
5.897865127207443381e-01
6.435234993638463408e-01
6.774203063060261210e-01
7.007346967136289795e-01
nan
6.091797732604158772e-02
8.951998670112928380e-01
9.864615525621518721e-02
1.419944201732082079e-01
1.702603354843403860e-01
2.487908107446343553e-01
3.216206825014079063e-01
4.603222267035276261e-01
4.516297127266793998e-01
4.804815152833075143e-01
5.287004580059260217e-01
nan
1.272780446477890515e-01
1.621410397453469099e-01
2.885370148742418817e-01
1.297580646505051005e-01
1.187122765488048542e-01
1.047220338773876824e-01
9.864963430078918516e-02
9.898655658879035313e-02
6.523113930999169252e-02
7.520181775604062313e-02
3.235024763473571402e-02
nan
nan
1.669534870140258753e-01
1.577447063519923365e-01
1.927552611285142936e-01
4.895788022402955963e-01
2.345917375662870119e-01
2.892500021061519822e-01
3.279984992753557371e-01
3.590871345392345759e-01
3.957692964133730507e-01
4.265593468846326508e-01
nan
5.952339161835605574e-02
8.225506318824654661e-02
5.149571480480282654e-02
7.400371973042139950e-02
5.684132126754796316e-02
4.481116566531105627e-02
4.826291585842283627e-02
4.703057320996059665e-02
4.469939804652754700e-02
4.338029315657991603e-02
8.897104929447717525e-02
8.315788916838071088e-02
8.970954951808113309e-02
1.090055742924060933e-01
1.289580693600873296e-01
1.593803872285560475e-01
1.802307993601030001e-01
2.187854498453498386e-01
2.374436938459186519e-01
2.686923813851443410e-01
2.714148066854175090e-01
2.934878355136854022e-01
2.986485583080054074e-01
nan
2.699036472225547767e-01
3.431891266538058538e-01
3.239098587794630446e-01
3.153151706986639380e-01
3.103810508030206416e-01
3.158997916314493781e-01
2.872106739584613933e-01
2.711463656115011833e-01
2.639585932749906605e-01
2.646324004399868701e-01
nan
2.580682620181669051e-01
2.594689362672255584e-01
2.495619776736284767e-01
2.469751306098737775e-01
2.393556789575946864e-01
2.312923966217891869e-01
2.359458435879411842e-01
2.385189889384605744e-01
2.444943220981278531e-01
nan
2.036320130826463626e-01
2.309772713590711735e-01
2.311652717644152866e-01
2.173132598609998911e-01
2.031397035504544923e-01
2.066860453872345349e-01
2.039844386947068933e-01
2.195432320747112698e-01
2.005329693904813748e-01
1.874954266555992066e-01
1.881596491341575028e-01
1.846628373867139072e-01
nan
1.904657201056109139e-01
1.946761763000661172e-01
1.953814756570494693e-01
1.880075542059662375e-01
2.215289313841300178e-01
2.356358635641514765e-01
2.278267575345810647e-01
2.347859482846834933e-01
2.395558034626448229e-01
2.359716720153840763e-01
2.452438029976365119e-01
2.375690787504160795e-01
2.538016185775806011e-01
2.533523001068410663e-01
2.782553419763866831e-01
2.641058366708982641e-01
2.684457143493317322e-01
2.782893708472864991e-01
2.908967920424905262e-01
2.951278429846729834e-01
3.095193833814834927e-01
3.165808602383264891e-01
3.243846666973437265e-01
3.332091215340252099e-01
3.334980137380132437e-01
3.153318140289285143e-01
nan
nan
8.047269511649658702e-02
9.465743865810062607e-02
9.046029396466317984e-02
8.977305371724021710e-02
9.130302175646320961e-02
1.053084684600785054e-01
1.001822895695581445e-01
7.346137136025626679e-02
1.014610441466125557e-01
1.051396189603882869e-01
9.071240251432874380e-02
1.041542147939028551e-01
9.440336422384686121e-02
1.264337142457124530e-01
9.348170586347628874e-02
nan
9.833862166879833722e-02
9.712913227570482699e-02
1.057194432405883511e-01
9.789528662438023998e-02
9.105672169461465071e-02
9.711937301073558793e-02
8.860717148160182632e-02
9.566121822114626028e-02
9.614944375089851114e-02
nan
1.010794757772335295e-01
1.080711252396241995e-01
9.569018957429960281e-02
9.681780916175422580e-02
9.392637133455895848e-02
9.862007366425801225e-02
9.972183773653041372e-02
9.855514942721844973e-02
1.090008291327020234e-01
1.006518383950256168e-01
1.112176776310659226e-01
1.137067884081630065e-01
8.467463505696617987e-02
1.110196794809377996e-01
nan
1.048423945226249210e-01
1.170457487754135717e-01
4.005731069676255807e+00
1.088164484148766015e-01
9.895828683440865969e-02
1.173198994864842470e-01
1.120977108208535689e-01
1.208669818923869821e-01
1.142455782340098258e-01
1.166191136465221101e-01
1.175901501893028833e-01
1.144071485538372540e-01
1.276536917961022810e-01
1.300321051072637901e-01
nan
1.290491867717052377e-01
1.357218564695064356e-01
1.506211110973277589e-01
1.500786355855700804e-01
1.402736445520702813e-01
1.462475785703082065e-01
1.481305077743308440e-01
1.549612967944843100e-01
1.518140660376726403e-01
nan
1.445598119923480196e-01
1.534284746140986422e-01
1.522694279785223315e-01
1.673972107393650877e-01
1.755670093244524887e-01
1.836331644670809171e-01
2.040409067376751096e-01
2.024472145242414145e-01
2.159088692410582044e-01
nan
2.147912431425578195e-01
2.223821746198117455e-01
2.275235962098961784e-01
2.115513312734328411e-01
2.127121042522320815e-01
2.274511440182318822e-01
2.100098531870809582e-01
2.422629487322340569e-01
2.318384574862744352e-01
2.678025773543767363e-01
2.820830694824621454e-01
3.081441100815590084e-01
3.283928767469256882e-01
3.413284940826209479e-01
3.552921846730898170e-01
3.775781903173333065e-01
3.789149453917043386e-01
3.981623098715861286e-01
nan
nan
7.728142040116163514e-02
9.538108494791298908e-02
9.621819998415982733e-02
9.658730013088093203e-02
1.054991840257843289e-01
1.065587883229259791e-01
1.040951409952876883e-01
1.192475368021273796e-01
1.249562971551227142e-01
1.233388588153482152e-01
1.405514664004215708e-01
1.477567536898380940e-01
2.413507913777279690e-01
1.386711985300284333e-01
1.332500517345364122e-01
1.444878290721063885e-01
1.561733542949929610e-01
1.139991242483000128e-01
1.487992410850944858e-01
1.653169841548516317e-01
1.764234477461274209e-01
1.794070170261908848e-01
1.714332606094465528e-01
1.840913464603675387e-01
1.972453478261459447e-01
1.937379170422421915e-01
2.152842614552781531e-01
2.188798541538276021e-01
2.336629205587164582e-01
2.260600845275771986e-01
2.264789366252753788e-01
2.482196998898423823e-01
2.522113491557693155e-01
2.540296001338018805e-01
2.592264827559417339e-01
2.863328878386197096e-01
2.994549342295907968e-01
3.049221237327473522e-01
3.209137860712878432e-01
3.425270566080382828e-01
3.531142271873939920e-01
3.520379185206570227e-01
3.678451275987111857e-01
3.857433365239417711e-01
4.023081461384409030e-01
4.276719579613648681e-01
2.836356481443332855e-01
nan
2.707530932183064842e-01
2.872891562360717077e-01
2.795887493550378577e-01
3.035269211236045206e-01
3.163157658622202106e-01
3.518348608872973182e-01
3.758295841279317151e-01
3.863173205822878487e-01
4.185495425360188371e-01
4.175589910147859962e-01
4.307600011868347178e-01
4.408769093919790438e-01
4.591999394005889523e-01
4.874625062104024908e-01
5.234433152827546731e-01
5.802263121460752293e-01
6.202241917163330287e-01
6.746361328161658566e-01
7.019973159048383815e-01
7.430016394753156117e-01
7.844076531391863671e-01
8.215862223247880625e-01
2.245932460240058492e-01
nan
1.899517832708215725e-01
1.954350694703122504e-01
2.142792800270015563e-01
2.096630428574214333e-01
2.186188334432118963e-01
2.517717884981615639e-01
2.741545583127694696e-01
2.601837927552650420e-01
2.750660225648737245e-01
2.830067381738509136e-01
2.780388934306392001e-01
2.900192012948296094e-01
3.127362306043827700e-01
3.277213335830571617e-01
3.497184377984364212e-01
4.338347278170877619e-01
4.069022013276591410e-01
4.665998214973173241e-01
4.686626087942376007e-01
5.247012972161364530e-01
5.749966147885285928e-01
6.315193171739061917e-01
nan
1.744364224121253693e-01
nan
1.517176115700256955e-01
1.624318701277360222e-01
1.738719416916894300e-01
1.792412501242856837e-01
1.773236859183504599e-01
2.207761676674430684e-01
1.988288640867951207e-01
2.119992792921315539e-01
2.117309857354074121e-01
2.269828442123061341e-01
2.425223812441650306e-01
2.437514847828123332e-01
2.472396923243120326e-01
2.633455494533089580e-01
2.915301284109574342e-01
2.848095481536102591e-01
3.095475420943536449e-01
4.719199538627863455e-01
3.234361047884912743e-01
3.301269551964625681e-01
3.329712520037679258e-01
3.526247489418816161e-01
3.556310608588895694e-01
3.810181115602225832e-01
4.071250692553559092e-01
4.150889906854552391e-01
4.320558082163953317e-01
4.509613419112611932e-01
4.757373965751004463e-01
4.924721290135608553e-01
5.129555713979384590e-01
5.613686655141471027e-01
5.795822376302093293e-01
1.973278069645964528e-01
nan
1.698894522245606165e-01
1.748840109867889070e-01
1.853704447092267005e-01
1.939234139352165598e-01
2.079175028087795751e-01
2.258429854477629617e-01
2.308515314288338838e-01
2.512985533018053386e-01
2.696759260848788364e-01
2.698716044532364355e-01
2.891081180965692776e-01
3.142248508897227399e-01
3.182065415962841426e-01
3.441037802651928379e-01
3.355183662461263538e-01
3.668859947358601437e-01
3.787745674117116712e-01
3.969119011084568105e-01
4.242288817604079609e-01
4.488515897656576992e-01
4.763605046498706752e-01
4.818688278516650159e-01
5.333762956342177342e-01
5.537103700629344427e-01
5.977888647386331300e-01
6.415777090836797258e-01
6.814463422038071760e-01
7.347562108326939345e-01
7.570890449396158184e-01
7.931571894860981464e-01
8.172426119131779298e-01
8.350874210330092584e-01
8.757025614738644936e-01
8.948616001931217756e-01
1.680693488062619534e-01
nan
1.096662324174275949e-01
1.239610531643561692e-01
1.161722261423169950e-01
1.521155624999615819e-01
1.549442798710131408e-01
1.485598062153660193e-01
1.565172594654284932e-01
1.692244341350919445e-01
1.809480182339661958e-01
1.939215855526502663e-01
2.035288070530990034e-01
2.182368130501592396e-01
2.322032900291271240e-01
2.489714888803692405e-01
2.455564998800189302e-01
2.553007949635395790e-01
2.869631153207647389e-01
3.122063800621739937e-01
3.424113884529927931e-01
3.508758791080866524e-01
3.649071496463338060e-01
3.939250248247471720e-01
nan
5.095565267063464354e-01
nan
2.847085734721651606e-01
2.812074506211345581e-01
2.898208341002436739e-01
3.014998801168904952e-01
3.241598470245435348e-01
3.379496582841037267e-01
3.471257932506210953e-01
3.617075653851778427e-01
4.889858722298824900e-01
3.737721906612193057e-01
3.815729255329505798e-01
4.044747421719907532e-01
3.736347240436273531e-01
4.075692257583414801e-01
4.105761463170558012e-01
4.222498440058018998e-01
4.581284448311427893e-01
4.629988550983613060e-01
4.723177289056097461e-01
4.915239087757634628e-01
5.084273794111708877e-01
2.030568973522628440e-01
nan
1.770125038882100488e-01
1.748987993082141423e-01
1.903745790945592375e-01
2.075809618128364731e-01
2.212111745346759806e-01
2.263893161076301619e-01
2.425472506015216023e-01
2.637651193451958087e-01
2.750268210571450433e-01
2.529458183112944236e-01
2.969493249079871999e-01
3.072678178967639395e-01
3.338691110963957764e-01
3.319953942246856027e-01
3.598867830948405122e-01
3.650862322784284575e-01
3.754540128671315924e-01
3.966309878368820541e-01
4.112602989518885366e-01
4.417449506950500426e-01
4.624117451427097736e-01
5.076514404214660381e-01
1.076462606636459235e-01
nan
1.109413237649318068e-01
1.148908493322104568e-01
1.052233602564623671e-01
1.227649792937601236e-01
1.042877768239452441e-01
1.249682007829690383e-01
1.225489250940910990e-01
1.351848233933683474e-01
1.381084106397479916e-01
1.520055365501796485e-01
1.624368685209236496e-01
1.680959030772014584e-01
1.811330664039927651e-01
1.960686740713289411e-01
1.805083143890435227e-01
2.002796254740055459e-01
2.049396630770044525e-01
2.070716730178976395e-01
2.399425865946355763e-01
2.245662090431833624e-01
2.443252128142376634e-01
2.533398498234525897e-01
2.657309531774723066e-01
2.948029300639042893e-01
2.977669709029128753e-01
3.094928630703732697e-01
3.373147923110699220e-01
3.478270005255172381e-01
3.720473705302229095e-01
3.949497823088958248e-01
4.101181184220031861e-01
4.309681665545006535e-01
4.543035708204663514e-01
4.704572252683658085e-01
4.975597900387133121e-01
5.261290969146155128e-01
5.493216333998774958e-01
5.825974365341552996e-01
6.176690039227539231e-01
6.502949404055892169e-01
6.631121190472279991e-01
6.990218496604219123e-01
7.234311871080636447e-01
7.695631881670399466e-01
7.960410458630252650e-01
8.329067051994807347e-01
nan
nan
1.319380888351683045e-01
1.373322668722762874e-01
1.583989140803062357e-01
1.524879320594778598e-01
1.602165197775196892e-01
1.595588692125030905e-01
1.606216790013156037e-01
1.703750463620758715e-01
1.626429863502409923e-01
1.695720312085898240e-01
1.914969744603161050e-01
1.938802261875091359e-01
2.017239494273128930e-01
1.990731322690936222e-01
2.136645564261268893e-01
2.175125401889213550e-01
2.273281373229333324e-01
2.185899289163181214e-01
2.230222222609055116e-01
2.301044540950079875e-01
2.344730887651899354e-01
2.521830617149027343e-01
2.562803023845502404e-01
2.570735791289061600e-01
2.681198197367575808e-01
2.741364286279582285e-01
2.822178167316526931e-01
2.734892496829590125e-01
2.837877965341336073e-01
2.939832224219436907e-01
3.121425184287593968e-01
3.019001085674239970e-01
3.345223209604073489e-01
3.240312283005445937e-01
3.318791702281275735e-01
3.521995523494183544e-01
3.683409240893109060e-01
3.916201148107354424e-01
4.043887651191601651e-01
4.065711629481459366e-01
4.161922230311651538e-01
4.601927772925407112e-01
4.861236144574371809e-01
4.898849887812105619e-01
5.057778990996172341e-01
5.242177584906717591e-01
3.515471344911876295e-01
nan
2.821503017704189986e-01
2.959648831510228173e-01
3.256103064070728914e-01
2.774943751327980102e-01
3.334501649040928495e-01
3.515643184021193801e-01
3.605482330729082308e-01
3.856301107920667159e-01
3.938044353837684142e-01
4.094721991661507965e-01
4.295852294919873526e-01
4.361612191217341672e-01
4.520730169711593138e-01
4.810418334501553317e-01
5.045803616757916776e-01
5.221552521945874714e-01
5.518268856639425568e-01
5.733168048745537204e-01
6.126409967749187890e-01
6.310708311687627248e-01
6.687585786333538618e-01
6.871667913184302812e-01
2.051110961808114419e-01
nan
1.880378437523877455e-01
nan
1.859798722989311759e-01
1.950228339057206162e-01
1.969922493545569198e-01
2.054752282894508342e-01
2.314199956568452621e-01
2.366763973275657629e-01
2.488986951988975960e-01
2.619724363224726349e-01
2.836959264999910912e-01
2.981684136460682755e-01
3.261510870456548750e-01
3.311211524035661546e-01
3.513441914638312236e-01
3.750141124377621704e-01
3.864964137787517684e-01
4.190971812824180742e-01
4.500052476713611860e-01
4.711065351361897191e-01
4.803632553686201234e-01
5.191263413933409065e-01
nan
2.354664501050164893e-01
nan
1.806114877654936002e-01
1.754676975225145374e-01
1.884711543485302065e-01
1.600723220003187064e-01
2.152728369758330484e-01
2.097494693493825446e-01
2.157751992871795033e-01
2.258427176621302657e-01
2.168879737467270530e-01
2.304892058463975379e-01
2.348650042059922394e-01
2.326100254286132818e-01
2.493517137119285187e-01
2.629535383965615480e-01
2.578880575503820216e-01
2.595914185609457525e-01
2.814014059335115392e-01
3.509863306757553536e-01
3.072346116868314159e-01
3.238018061176776707e-01
3.488178123100852956e-01
3.715832165053626346e-01
3.704257483457593092e-01
3.994994769150561620e-01
4.136295353064537439e-01
4.075860690181081214e-01
4.401032179193056226e-01
4.443569704603901882e-01
4.102336177120052274e-01
4.620406437363547281e-01
6.094232198874908191e-01
5.238932902583084417e-01
5.398924053802501843e-01
7.210564849634777396e-01
nan
2.739588471129490999e-01
3.227741769466522248e-01
3.345505986661626019e-01
3.488467300376899005e-01
3.640732093164602556e-01
3.849796839425053130e-01
4.231569345735116117e-01
4.306649165123358491e-01
4.434138641172072903e-01
4.584572288625810565e-01
5.031199042147691536e-01
4.939785302204688366e-01
5.311174832504895749e-01
5.309450962085338066e-01
5.444247969778457374e-01
5.869305094921405397e-01
6.062351236219910566e-01
6.245580270188260119e-01
6.450655595751304539e-01
6.722388389669659015e-01
6.776441242799563502e-01
7.106639831525587425e-01
5.056443323382523447e-01
5.763168778563847461e-01
6.312599993022079969e-01
6.675785966913250213e-01
7.026497827001244589e-01
nan
6.157255290691890925e-01
7.985812558554701290e-01
8.180416157154979384e-01
8.351782329514265690e-01
8.517877772693194238e-01
8.717753048891523360e-01
2.671423582014842979e-01
nan
2.197934819561102315e-01
2.373409914219858363e-01
2.465021221217799929e-01
2.581341193846281579e-01
2.813492695377899366e-01
2.812008035431781683e-01
2.925482543990223783e-01
3.161113162871228011e-01
3.323030951262135324e-01
3.507327038839500588e-01
3.714775769579273801e-01
4.024127830919327353e-01
4.233066805046846737e-01
4.444705557198733170e-01
4.813228461599750596e-01
4.973822088466504088e-01
5.130837774422456476e-01
5.478958087358295481e-01
5.788646006290809609e-01
6.172253393080492367e-01
6.578133826186205457e-01
6.941781313986576940e-01
nan
nan
2.209756948240367558e-01
2.331973846113094273e-01
2.448532636063737722e-01
2.877843164485776595e-01
2.749342346722311592e-01
2.977876458496596102e-01
3.176773819989117120e-01
3.448083079326163536e-01
3.675177988581229127e-01
3.942627285576979501e-01
3.958475953273228320e-01
4.090492861277485459e-01
4.096378786328917498e-01
4.264677633741391083e-01
4.285687757048943225e-01
4.465184415950685382e-01
4.540731406944156223e-01
4.714118936246093905e-01
4.801830946211552709e-01
5.033007993997761220e-01
5.117644704573804937e-01
nan
5.301621046177162899e-01
5.362592869512124993e-01
5.426682103029806248e-01
5.623714209438215317e-01
5.802722944537948013e-01
5.984165647581711767e-01
6.563009885436215107e-01
6.589931997437976641e-01
6.853334339065471070e-01
7.232747419170643122e-01
7.475015311492454462e-01
7.674168614383826137e-01
4.946963139017565569e-01
nan
1.844283605358294220e-01
2.008382753682658450e-01
2.019068237471096094e-01
1.990678217462224231e-01
2.044263266572625137e-01
2.192680898783048171e-01
2.143883393132083592e-01
2.408764041329070904e-01
2.251058413410751413e-01
2.411406610272305018e-01
2.478139442432464867e-01
2.493647584478538848e-01
2.566712691077261410e-01
2.627159212919720765e-01
2.941214097131504834e-01
3.097335747069531742e-01
3.062626161524628077e-01
3.254531817100640989e-01
3.344217745171985112e-01
3.619595400159966725e-01
3.687661401400036398e-01
3.962468433317903327e-01
4.071673165896333435e-01
4.279080874002700874e-01
4.469086949867172032e-01
4.824407139798981281e-01
4.912134483525057438e-01
5.182928120636507430e-01
5.370767106840357297e-01
5.701738667244755643e-01
5.950313122368121599e-01
6.091397316738318413e-01
6.337342460642193531e-01
6.556983289701243667e-01
6.818484160902463787e-01
7.137180467762599401e-01
7.346873102376126896e-01
7.582041427033280323e-01
7.740234237173065912e-01
7.949899636379593737e-01
8.293452751426794167e-01
8.578932910627544706e-01
8.830606978767335802e-01
8.500293331445601952e-01
9.401758467921347284e-01
nan
5.166119149196869431e-01
5.365910045927365646e-01
5.686796914165433980e-01
6.007643278471002102e-01
6.468673917268228379e-01
6.952611920594379269e-01
7.517799429344613760e-01
7.858736668440972073e-01
8.441462409826938629e-01
8.877968068247971134e-01
9.438747305712384961e-01
nan
nan
6.168722219111277827e-01
6.332904033642637875e-01
6.706717647897673107e-01
7.339120625146765553e-01
7.605419968840894107e-01
7.832996332989513588e-01
8.233115490997074959e-01
8.631648432072214217e-01
8.844013509106518622e-01
9.073143444842207694e-01
nan
5.210852771675503758e-01
4.217296626837152562e-01
4.570987249346236680e-01
5.042025856719085652e-01
5.300662171811101331e-01
5.703397127140674705e-01
5.936009189068525149e-01
6.281548686285353122e-01
6.595037726640239351e-01
7.003898207635093076e-01
7.355476165367285102e-01
7.574588430818881557e-01
2.535197454503704262e-01
nan
2.236594213691776023e-01
2.423418175644367345e-01
2.403304301605257987e-01
2.471855905857157643e-01
2.723123324798110145e-01
2.796372513344645427e-01
2.953482775731710586e-01
3.087947057716300403e-01
3.314189170347733859e-01
3.349249381648168322e-01
3.524385982511229476e-01
4.687068094132670337e-01
3.893981935177277531e-01
4.165960622496742150e-01
4.403426704810807224e-01
4.589117107046984945e-01
4.515363323373478566e-01
4.677113952717380507e-01
4.939357537313149304e-01
5.137155528419840023e-01
5.441483486092194566e-01
5.921655529679854535e-01
1.742913805124252646e-01
nan
1.871744908337979463e-01
1.778410058723879639e-01
1.709948841258290275e-01
1.683598327466595823e-01
1.928133640174213570e-01
2.018022311805956759e-01
2.028681196261400144e-01
2.190599556150773786e-01
2.219449868768212930e-01
2.366940816089500854e-01
2.542451005692054622e-01
2.612969542532571632e-01
2.922247091778312211e-01
2.993536830386548386e-01
3.287560109264131558e-01
3.306304224844145989e-01
3.574530338831305998e-01
3.872292169626065927e-01
4.019505542620386840e-01
4.519861946737521174e-01
4.962879865343668984e-01
5.646035514029266178e-01
5.575950391099182557e-01
5.745790104348277305e-01
6.257546922596288752e-01
6.516217858837004551e-01
6.904289658950065744e-01
7.383008188523794146e-01
7.768658815750292268e-01
8.171572679479143231e-01
8.581233003373138768e-01
8.925106966304090506e-01
9.336257787551619503e-01
9.704097816135460741e-01
2.462791218527775883e-01
nan
1.766653745718646806e-01
8.366403204492132983e-02
2.143957374739508537e-01
2.264291780190487713e-01
2.363140561902903336e-01
2.534196499764159727e-01
2.846923122592312505e-01
3.265882330546884260e-01
3.508140778974910279e-01
3.789302073106550761e-01
nan
nan
3.374599996070116181e-01
3.690213560083321909e-01
3.846323786739470063e-01
4.030653966785869291e-01
4.222762609351313201e-01
4.484615661755341764e-01
4.607643796355350707e-01
4.781009314055661985e-01
5.237909173881534208e-01
5.567769394285558837e-01
5.994140755368826401e-01
6.220776722670505743e-01
6.553298622083215674e-01
6.841203578290376841e-01
7.053312307287205041e-01
7.371887968912030908e-01
7.828307497785833569e-01
8.241016188952295929e-01
8.541834121111897549e-01
8.821261574724770238e-01
9.030585202432169778e-01
nan
5.261574097137200479e-01
4.632776252976252285e-01
4.933039948548381126e-01
5.406162016488181843e-01
5.781289664195603528e-01
6.299732145354697277e-01
6.562555029392559414e-01
6.748009196031994339e-01
7.052526701184748115e-01
7.300666968078297625e-01
7.642124312669545949e-01
7.870069316842726037e-01
5.919702660911457803e-01
nan
4.324124060006961368e-01
4.604002998278238223e-01
4.902903200712352416e-01
5.289472707734538259e-01
5.482982653359097514e-01
5.794863806744022794e-01
6.231479403995570099e-01
6.612599921914125156e-01
6.954627881377403176e-01
7.227589395803959427e-01
3.012476807338900220e-01
nan
3.121730948028644259e-01
3.151161603887190910e-01
3.343003789676772808e-01
3.457371009277891427e-01
3.644201308543182916e-01
4.080980767168794765e-01
4.360000171574058836e-01
4.669094200681356277e-01
4.889977661466222703e-01
5.313150507549760926e-01
5.596281989918127087e-01
5.911326729504056132e-01
6.355717358282896301e-01
6.697876809997825864e-01
7.375611556426366899e-01
7.644214843837683349e-01
8.041977571243057454e-01
8.414725899686604782e-01
8.704861677249995378e-01
9.044239903897470789e-01
9.174678702744188952e-01
9.585277003896303105e-01
5.531602831229234241e-01
nan
2.394603289080333985e-01
2.108422750786471678e-01
1.881944438157329702e-01
2.064885480833497378e-01
2.020035374338302603e-01
2.030755766139689111e-01
2.300385779539521336e-01
2.400366525330374645e-01
2.436695086432758561e-01
2.774973572231513863e-01
2.954541818852289281e-01
3.223700963336191827e-01
3.496430918302110280e-01
3.785929485661194138e-01
4.186707002649621145e-01
4.480307136951482971e-01
4.810844706216584887e-01
5.192779943888018446e-01
5.717916620177766474e-01
6.123279176775562327e-01
6.687291396161242352e-01
6.972861677411279491e-01
nan
4.359332336204031488e-01
nan
3.363137925424727337e-01
3.603609074434429016e-01
3.914728164046395453e-01
4.060177582172033173e-01
4.350876214191552460e-01
4.607190645253206318e-01
4.756827948231077130e-01
5.179321705594132075e-01
5.394122088013172389e-01
5.711620663296737010e-01
6.042772521080812531e-01
6.591141630447999722e-01
6.944129254995481393e-01
7.272941989209408264e-01
7.614441079819469493e-01
8.013736378125502213e-01
8.248699283463515330e-01
8.577541343792367545e-01
8.898116749173505813e-01
9.321989726971308121e-01
nan
4.492519657180029657e-01
3.845192563313917233e-01
nan
nan
nan
5.543312335247317924e-01
5.834984477380780188e-01
6.285358843043461485e-01
6.854644569655525821e-01
7.279324425513478136e-01
7.679329103968340897e-01
8.031047686243166783e-01
4.811883892195573109e-01
nan
5.018727606393488250e-01
5.449846829470461618e-01
5.960925636586204002e-01
6.406696323726416287e-01
6.819597448873104817e-01
7.341062494935836069e-01
7.824759944999202244e-01
8.155447071791254166e-01
8.587001251304371419e-01
8.995030056364629045e-01
3.096918298931715108e-01
nan
2.597793075970686871e-01
2.963104482557943897e-01
2.895129629710296859e-01
3.146411422170113936e-01
3.188517265699520875e-01
3.385825982211154717e-01
3.465468720020751237e-01
3.787625335273226979e-01
3.824072277240527229e-01
4.120856337670065761e-01
4.338836167160495250e-01
4.673846840306156714e-01
5.016354586537625782e-01
5.300721681329993995e-01
5.853812716604958055e-01
6.225736544393981609e-01
6.756339954508753243e-01
7.221681874394331180e-01
7.699168576717608792e-01
8.142718161285635858e-01
8.548934391706325409e-01
9.075670005068692259e-01
2.879054928928593271e-01
nan
2.069773834888497255e-01
2.171297987538785557e-01
2.391218657024889727e-01
2.194852611369341455e-01
2.471711771458371121e-01
2.446386444156405937e-01
2.777933251959886496e-01
2.970034340292823649e-01
3.175457939042714561e-01
3.218501121995986369e-01
3.690957685420580003e-01
3.922815687191097411e-01
4.294369162461783573e-01
4.580245185546525932e-01
4.954098188733416230e-01
5.100930468541807761e-01
5.440236767252757399e-01
5.925002782949350122e-01
6.456455321972301986e-01
7.000653592046923723e-01
7.516623538768948398e-01
8.116665100358695373e-01
nan
3.516303571145771301e-01
nan
3.257963822769948115e-01
3.442871565033052139e-01
3.742569065257180250e-01
3.974983527480146495e-01
4.074778823443690468e-01
4.496609497357795804e-01
4.495893388867326923e-01
4.931124051288318655e-01
5.207527876221271779e-01
5.559931842178895689e-01
5.708208670896142145e-01
nan
6.058707363080083619e-01
6.369611132600768721e-01
6.796350011116794043e-01
7.120012005697314850e-01
7.466972696419731381e-01
7.638412298751614538e-01
7.924245531648451690e-01
8.213658217153995134e-01
8.541524181989452735e-01
3.473312982351235423e-01
nan
2.936269920118193544e-01
3.245985213969387884e-01
3.542155670751177543e-01
3.710130683101250382e-01
4.018213757000084763e-01
4.207686672019714802e-01
4.263161148954008328e-01
4.431985354090037244e-01
4.703245406824668740e-01
5.179495164101670657e-01
5.424045885804155143e-01
5.607105651096954135e-01
5.897169239926768336e-01
6.170020758041214748e-01
6.525029328092979419e-01
6.740854594565419688e-01
7.154425107159403385e-01
7.522635225525519109e-01
7.838196730750393026e-01
8.143603665340449771e-01
8.309325112121279666e-01
8.536016262516883391e-01
2.794699895055443029e-01
nan
2.506262857193270466e-01
2.510595341602728792e-01
2.462047350788268973e-01
2.627151339428320798e-01
2.499332552448711997e-01
2.648010746930430925e-01
2.685802134130321206e-01
3.034139945450043951e-01
3.265567852956354211e-01
3.247719324895752546e-01
3.685631022542992796e-01
3.929426271498265844e-01
3.920385313708494857e-01
4.149920590009003596e-01
4.380159261203729892e-01
4.732335501595351102e-01
4.922723999458165078e-01
5.249933981069049294e-01
5.669858963023104437e-01
5.926672833449330158e-01
6.186941781502512949e-01
6.557993058026032607e-01
7.030893147939691890e-01
7.511108361545255629e-01
7.845194399141808272e-01
8.312924338958193049e-01
8.635636561504506092e-01
8.968134203096748136e-01
9.245131899715618440e-01
9.444198596693257342e-01
9.721542268787329855e-01
9.979711165626875546e-01
1.027034807697966512e+00
nan
4.276099895233742565e-01
3.936082999504607050e-01
4.283051594546676832e-01
4.682199567976807475e-01
4.932759771604942611e-01
5.461173270250122558e-01
6.004588557048782249e-01
6.176765971647396603e-01
6.541488935640352720e-01
6.944388907886805962e-01
7.321251578100259616e-01
7.694959471231826997e-01
nan
5.035145239988716437e-01
nan
4.777186003107083967e-01
5.082682525687383102e-01
5.538036471995435583e-01
5.573299718841574490e-01
5.913014747823556183e-01
6.398487696737195085e-01
6.653832993846073851e-01
7.029240136432648445e-01
7.280526547219609013e-01
3.576364859900698079e-01
2.915777580812329850e-01
nan
1.793533789343761120e-01
3.440385316465408017e-01
3.755911705953045576e-01
3.794268698835215892e-01
4.172827055663133611e-01
4.491971639779666070e-01
4.272838420386234071e-01
nan
4.868619419167921625e-01
5.195245327166287952e-01
5.417399135499546547e-01
5.648582404344445473e-01
5.883184558203706782e-01
6.069204154531431250e-01
6.320353174955316566e-01
6.581145537172641280e-01
6.821562238545179069e-01
7.183650392805476237e-01
7.490127404398962963e-01
7.855087028729210719e-01
8.062495890872047877e-01
2.900151995129272575e-01
nan
5.393966219780161886e-01
2.652542313736565016e-01
2.852226185513440648e-01
2.951168591702028610e-01
2.955382124871123173e-01
3.051720854290090879e-01
3.226715777358744597e-01
3.430769860351995937e-01
3.683248403960375228e-01
3.739758778526320881e-01
4.037553412615548232e-01
4.274601346524417589e-01
4.616751537508975156e-01
4.872016637208881340e-01
5.008237012882676975e-01
5.203845554617880786e-01
5.624162510775667645e-01
5.975401061391217850e-01
6.356544312044921652e-01
6.720778639612524641e-01
7.103554305011442471e-01
7.561420878589717454e-01
7.845933948970464922e-01
8.156487206877703899e-01
8.432746541699707166e-01
8.669471149846309510e-01
9.047700852566999963e-01
9.205476574362400077e-01
9.479094304717110564e-01
9.839026349828546847e-01
1.005451499003394256e+00
1.034497403178191721e+00
1.042733948010780010e+00
nan
4.446364339389531906e-01
3.329350359241113333e-01
3.657814310873401253e-01
3.663922831134970304e-01
3.921840130317673090e-01
4.084592159870536476e-01
4.369879295827121535e-01
4.621443843959647246e-01
4.716657192752582439e-01
5.068596463404616559e-01
5.475728566460867919e-01
5.640812014070453184e-01
6.127186202301466711e-01
6.478377172876551571e-01
6.779903217780508529e-01
7.083565384200116721e-01
7.357393922329903413e-01
7.846731391814028012e-01
8.255264084662705670e-01
8.853922529232542971e-01
9.174726298756392673e-01
9.400582411922205894e-01
9.702817638432154057e-01
9.922410454712087269e-01
nan
nan
4.000857649827108675e-01
4.069263427269850242e-01
4.202086888472227333e-01
4.509004724131134290e-01
4.712848577030373520e-01
4.897560236672126588e-01
5.109945010303617030e-01
5.320702443914520074e-01
5.500227213423297679e-01
5.705044123027981362e-01
6.117898472008077571e-01
6.307555154708883727e-01
6.482933736374064670e-01
6.781788749983260756e-01
7.018745316235367460e-01
7.302766863392845531e-01
7.477352831018759804e-01
7.770223799738609216e-01
7.928983664255909725e-01
8.234812111234262044e-01
8.459761390729193531e-01
8.766534593443650047e-01
3.278804803529683509e-01
nan
2.828735366212157265e-01
2.934046988853805660e-01
2.902409237292934985e-01
2.906099202924914415e-01
3.020074300315410687e-01
3.102644361128609196e-01
3.163971203600601800e-01
3.246195077162349341e-01
3.551409111972551047e-01
3.506368551919706311e-01
3.883101327064145125e-01
3.971086729803814941e-01
4.164848998214367715e-01
4.297768466510128449e-01
4.548235923108700507e-01
2.599382290495076964e-01
5.020805583876124523e-01
5.031136759369042588e-01
5.286989406172843964e-01
5.541538429092057738e-01
5.763268789987756602e-01
6.155236327346560454e-01
6.324191148374620486e-01
6.682385084751982784e-01
7.090621859265346938e-01
7.336729371983340409e-01
7.702675709133168791e-01
7.931955751462704818e-01
8.244979255679103503e-01
8.730034831780815185e-01
8.858312111908922537e-01
9.129848502530507615e-01
9.402227562699271290e-01
nan
6.141888033069160535e-01
5.716124188633430192e-01
5.878080145903389342e-01
6.221521144217085908e-01
6.314760682627903465e-01
6.441943304953872129e-01
7.247497484282282576e-01
7.493195349620918044e-01
7.761464232471085856e-01
8.137833920645581864e-01
8.487795732475060806e-01
8.851818597121958732e-01
3.623136469044521135e-01
nan
3.912898969685673634e-01
3.408443782406724853e-01
3.185926962472633295e-01
3.094792511624238629e-01
3.064193298731318071e-01
2.967140437229782157e-01
2.899977214623137289e-01
3.068212926945803609e-01
3.309706028421136592e-01
3.394139973709764391e-01
3.490375440610055113e-01
3.707157875364117672e-01
3.751048932140864656e-01
3.980599938317705422e-01
4.259259217252431839e-01
4.617552392278389539e-01
4.699298454418391335e-01
4.961569701051973813e-01
5.192552808245061158e-01
5.207669833579970931e-01
5.553920098268835259e-01
5.844211459833812405e-01
nan
7.244281985718804551e-01
nan
5.455099974450877687e-01
5.530625747362793998e-01
5.983407280146083584e-01
6.110780288179566977e-01
6.363049088451456781e-01
6.629795446353351496e-01
6.905084865685533480e-01
7.172005491256701060e-01
7.493367629505101046e-01
6.983889213382624694e-01
nan
6.863620320673955444e-01
7.048976513401334909e-01
7.368825663677092130e-01
7.573101549718374015e-01
7.828119762675274096e-01
8.141695449790425920e-01
8.348257349521931436e-01
8.668883246021180655e-01
8.945327059288205040e-01
9.164501569789164082e-01
5.178342784224096995e-01
nan
4.463068265373138499e-01
4.804781181818162383e-01
5.000534239395258984e-01
5.431741304776376289e-01
5.627376831218992015e-01
5.885569145729148133e-01
6.109468819128530681e-01
6.346245282059105319e-01
6.752450502297683288e-01
6.983363302403725603e-01
7.281425978229383311e-01
7.606397641650720631e-01
7.948705776059534767e-01
8.283698619862576162e-01
8.514252833895357142e-01
8.779776994121631928e-01
9.023960357288723921e-01
9.326864103580385645e-01
9.576836186700528053e-01
9.697668372163673611e-01
9.995201748965083510e-01
1.007987868344221605e+00
5.391517463197597060e-01
nan
4.825333469949264487e-01
5.175136749848239237e-01
5.186700195113170819e-01
5.542944365427473485e-01
5.726098413086747607e-01
6.054329391440018693e-01
6.062449465900110468e-01
6.794531861928749805e-01
6.930250828012846087e-01
7.267581085440804056e-01
7.622076584394726906e-01
7.918450508929789633e-01
8.146061624549304492e-01
8.517475473767746053e-01
8.838262691113549785e-01
9.031254933426559051e-01
9.383565716816719693e-01
9.591068438126783002e-01
9.881470720152505383e-01
1.014819636123192259e+00
1.046152890603928354e+00
nan
5.771495502911331288e-01
4.745363982549073989e-01
5.334547680806125403e-01
5.401620755157985343e-01
5.693884753025264533e-01
6.168603551375110294e-01
6.480237204852115074e-01
6.786610124213081630e-01
7.186052930266279004e-01
7.542190745238225302e-01
7.838920265422568701e-01
8.198214818575643159e-01
3.725916619385740147e-01
nan
3.688686149470554732e-01
3.465430304366937664e-01
3.019830424052228346e-01
3.413565039058298334e-01
3.461530275111723287e-01
3.556104157684713551e-01
3.651335366060928789e-01
3.922320446042787401e-01
4.063549922959788785e-01
4.422786768920660694e-01
nan
nan
4.315279150818810416e-01
4.309866743594644722e-01
4.395367884637105815e-01
4.482829471407678845e-01
4.633789039797919784e-01
4.671334541458670997e-01
4.986794660685818226e-01
5.285990322175937450e-01
5.278137058923829672e-01
5.493626664028979922e-01
5.535330588281066611e-01
5.741393238936080001e-01
5.759292555611086328e-01
5.918171416737322277e-01
6.156862726365439631e-01
6.407555042436778869e-01
6.649205990524953425e-01
6.607618746884109662e-01
6.870639554935695781e-01
6.942226667386165451e-01
7.095579597710495179e-01
7.277537154426318988e-01
7.477461806258450805e-01
7.698538141891806408e-01
8.002054013727520898e-01
8.110987945748490136e-01
8.218123845692876239e-01
8.389904220627756315e-01
8.558865897040800474e-01
8.704558588369343264e-01
8.892897828508169455e-01
9.034225039893899467e-01
6.382176758908542080e-01
9.321140932724489847e-01
4.328838902242443942e-01
nan
3.787471998399476458e-01
4.061120445462295114e-01
4.203969328907481984e-01
4.473390644590276577e-01
4.294681997797464845e-01
4.537576276052304736e-01
4.763223112710878726e-01
4.931133732335288289e-01
5.012374906332458524e-01
5.258445100831937724e-01
5.251381390386410386e-01
5.545571796693131716e-01
5.733414332136628211e-01
6.624563568624298737e-01
6.153839320824621151e-01
6.243236020829326938e-01
6.283271307366308234e-01
6.522802937487699459e-01
6.698849679944144375e-01
6.766576509249256910e-01
6.889334830817610555e-01
7.102274574830130804e-01
7.213688540775874403e-01
7.415803011578937509e-01
7.610946775925557795e-01
nan
7.948098992586892786e-01
8.089511508720064192e-01
8.220221612875109329e-01
8.383435106822946237e-01
8.487460810227996921e-01
8.784326271777509465e-01
8.917434094939741263e-01
9.113586154796020633e-01
4.538050863855917494e-01
nan
3.829999198572280328e-01
4.009979556025198288e-01
4.010234282336221923e-01
3.992038889126795498e-01
4.161494104230570867e-01
4.157656706292718884e-01
4.367268443906087705e-01
4.487199678065543762e-01
4.532830477796965241e-01
4.673710622577375573e-01
4.826824023287173970e-01
4.981845301585423602e-01
5.058617805847162030e-01
5.384448328912911919e-01
5.261885358556432912e-01
5.511919263973417138e-01
5.967019852278248049e-01
6.143709388194783516e-01
6.376033585006170012e-01
6.640003124348035080e-01
6.668318113004767511e-01
6.874241717084573766e-01
nan
nan
6.538056001245519111e-01
6.768538646857599206e-01
6.864316020537462038e-01
7.194930910163080950e-01
7.209198715370594979e-01
7.309546528570929347e-01
7.365378319922363248e-01
7.560563280574033040e-01
7.758918187567652724e-01
7.763119499099894183e-01
5.754550004718680389e-01
nan
4.633304543827923561e-01
4.736878726059898237e-01
4.787147432225182797e-01
4.978752755397419794e-01
5.025967980455097184e-01
5.238350122366265404e-01
5.248336385077312372e-01
5.376009483413827228e-01
5.509982619923012859e-01
5.617768157359120940e-01
5.749617835964554446e-01
5.778762133047717908e-01
5.955848290651661880e-01
5.997984012837705992e-01
6.131430170207076147e-01
6.333381242739697381e-01
6.450845057514577041e-01
6.499515294861702985e-01
7.350187577531711591e-01
6.677909438713482970e-01
6.695936938548908701e-01
6.844018119019547042e-01
6.825435574371538916e-01
6.916347927180283017e-01
6.962415874044295405e-01
7.060868034611500477e-01
7.288378698870470185e-01
7.525528404013396289e-01
7.741856658039021344e-01
8.017648476096712606e-01
8.009500883197695487e-01
8.053250218134027083e-01
8.191837262449354062e-01
8.357609160052551500e-01
nan
6.139637415363857764e-01
6.351606928117936590e-01
6.452321694735215774e-01
6.578909626434922275e-01
6.633773612057425328e-01
6.731885956656612491e-01
6.725722768550342900e-01
6.823196199433959608e-01
6.969682251603322998e-01
7.109472930783616862e-01
7.580783846708739615e-01
7.323882227031998093e-01
7.523398680323133414e-01
7.590851592863873121e-01
7.707107110733952826e-01
7.766387678640174208e-01
7.772789284289405298e-01
7.913031458800680040e-01
8.079725407820702587e-01
8.249732518471064591e-01
8.191776442301950123e-01
8.173088662542883354e-01
8.328518819710646337e-01
nan
8.321163562360246457e-01
8.205411506847840597e-01
8.469451906211220571e-01
8.569596680068226613e-01
8.692016172544784203e-01
8.910829498151968675e-01
9.068633523615893255e-01
9.138862188702162603e-01
9.231639934893083321e-01
9.292966871969905451e-01
9.407165315201919675e-01
4.724563375870611814e-01
nan
4.884952419634369658e-01
4.757845055701266923e-01
4.826296295402672243e-01
4.531462929941443285e-01
4.621080211983084607e-01
4.429020890779401531e-01
4.413831175348931213e-01
4.396591770747946271e-01
4.552439251396453446e-01
4.660959027439761093e-01
nan
nan
4.767093750453713086e-01
4.713895193476235757e-01
4.735557420529672434e-01
4.813273956633695172e-01
4.878059527864658240e-01
5.000263723275473193e-01
5.783456480524188370e-01
5.179678181194624642e-01
5.427826512109265034e-01
5.361055990243955849e-01
5.454584441707893694e-01
5.575807987059696602e-01
5.652745325748353977e-01
5.670286950950601534e-01
5.663782899677051175e-01
5.625711442585663580e-01
5.749753390534019237e-01
5.820129083516285551e-01
5.911537416554983881e-01
nan
6.000771653466145938e-01
6.066891260117664997e-01
6.084925344341997056e-01
6.629531499094099001e-01
6.086238068225408027e-01
6.125888498194131948e-01
6.211608384286788631e-01
6.145087440116365762e-01
6.384537352078020200e-01
6.456075531784596366e-01
6.665109500439755363e-01
6.593538352436426608e-01
6.511000035722180890e-01
nan
6.564886908798495124e-01
6.557267970647414623e-01
6.562451157538760071e-01
6.712596202869283157e-01
6.612464862896583195e-01
6.686754149752908161e-01
6.776074826728198941e-01
6.761663371761303942e-01
6.753477552012190355e-01
6.820892486929224230e-01
6.829805534050664706e-01
6.902129686038134260e-01
7.065729348437277402e-01
7.014141710486156978e-01
7.134926350525673255e-01
7.249913375494627665e-01
7.209355661048252317e-01
7.348937135591503411e-01
7.505717449197485402e-01
7.540173559103642287e-01
7.537946042765197863e-01
7.610430094403800583e-01
7.652388626278812112e-01
7.706919260123417104e-01
7.659861246089021414e-01
7.728324744701774440e-01
7.719608746965275214e-01
nan
7.849739682316821954e-01
7.908489211988966039e-01
8.001379776445369796e-01
7.928499751438536913e-01
8.022884944003246810e-01
8.018390803238154563e-01
8.015289478009538504e-01
7.935256483165835650e-01
8.002319535198958445e-01
8.016946629600321117e-01
nan
7.990389801806562220e-01
7.996111326770156680e-01
7.993643029095466312e-01
8.005089668002839387e-01
8.013042665406796550e-01
8.066564210967439585e-01
8.093722849157500843e-01
7.942807362505749369e-01
7.906772316924600696e-01
nan
7.849548675058376501e-01
7.910545702941599311e-01
7.835409384834265412e-01
7.920775100067687369e-01
7.875383224604707300e-01
7.921789698820228542e-01
8.017071335392101927e-01
7.975326348502851381e-01
7.983381185161239069e-01
8.143825792172600941e-01
8.187450151440971435e-01
nan
7.988984462826003163e-01
8.087247235438626003e-01
nan
8.006290284719902450e-01
8.040068084021053663e-01
7.966439936478044714e-01
7.854704246580315186e-01
7.907400580402199619e-01
7.877424704039103220e-01
7.759486364166229277e-01
7.656677018247024513e-01
7.727932780692546855e-01
7.671802498656126179e-01
7.691207027143306396e-01
nan
7.644294958922445149e-01
7.699601960725355188e-01
7.640983836704905441e-01
7.697066884686684096e-01
7.763817549127234319e-01
7.802808388643854842e-01
7.781646842532927710e-01
7.743665365138143741e-01
7.713890859738710137e-01
7.731470652652793207e-01
7.602439924109485325e-01
nan
7.609122769737791669e-01
7.650398589787117398e-01
7.642646294395289974e-01
7.836581180458455087e-01
7.738407217173524089e-01
7.700485139951136482e-01
7.639255155205666448e-01
7.572710231188916064e-01
7.809554333618273780e-01
7.478119236887851295e-01
7.478025128663871035e-01
7.520438107735195610e-01
7.530309709921660932e-01
7.517301594653521546e-01
7.413841874127472531e-01
7.382010445105143814e-01
nan
7.376298774128803304e-01
7.380515004138823443e-01
7.298054546824430666e-01
7.165238404544057582e-01
7.205158900623420681e-01
7.089167719087202668e-01
6.900306685773084370e-01
6.896352135721864896e-01
6.895448428140766861e-01
6.829426096641534327e-01
6.702941425808497389e-01
6.938439501759073869e-01
6.742921374271974022e-01
6.569521636618727012e-01
6.558989587261949694e-01
6.321252852922236709e-01
6.423917146178291793e-01
6.292149259434614006e-01
6.160929513062350926e-01
6.091327921963476388e-01
5.968808143821136003e-01
5.955745870841319123e-01
5.855803157583143737e-01
5.776631282217931096e-01
5.662971025065943742e-01
5.654610634273576908e-01
5.575708125860787678e-01
5.318414481246674930e-01
5.472849551053129424e-01
5.295490385101777608e-01
5.265980892172691386e-01
5.106316338759336881e-01
4.983453190843069591e-01
4.986121820251096515e-01
4.902034742806604672e-01
4.812710212428610301e-01
4.892553538744439656e-01
4.695939963699684028e-01
4.684644389907693940e-01
4.744988747835309217e-01
4.518470555415780021e-01
4.544649285319372067e-01
4.729371812635426719e-01
4.545916779582513945e-01
4.720564527951766065e-01
4.813040102614520310e-01
4.566078284226215422e-01
4.695376034992764791e-01
4.770564041492183494e-01
4.726061472382110384e-01
nan
nan
5.079378918788350905e-01
5.368691415495107089e-01
5.347747591223249719e-01
5.310855738295545692e-01
5.264273908958605475e-01
5.209194094736830927e-01
5.359203385150576038e-01
5.192186190955531133e-01
5.054742915329814013e-01
4.878538457199140810e-01
4.856454462369209635e-01
4.973390510012911658e-01
5.124883050805463247e-01
4.957518159253365697e-01
4.756003134530329968e-01
4.718529996878748078e-01
4.815703590928385180e-01
4.623176944894116236e-01
4.617974910299596503e-01
4.678681232120944222e-01
4.741745187499740166e-01
4.604969240690585108e-01
4.671276364700184813e-01
4.647274820660878825e-01
4.473961436505996536e-01
4.802048902289219323e-01
4.749548224775721472e-01
4.754398182778262205e-01
4.983464843899872432e-01
5.350835782895818626e-01
5.769067044228826102e-01
4.875369209030671058e-01
4.789623141667300188e-01
nan
5.901243777224796094e-01
5.833668032629190092e-01
5.705579670642244583e-01
5.378393662158360566e-01
5.450384129891387985e-01
5.561715236328932388e-01
5.659654248165403301e-01
6.074001564116597862e-01
6.306345671522614049e-01
6.453923663457521442e-01
6.461844904013144264e-01
6.699193104221674577e-01
nan
6.313916482317079026e-01
6.684093818492374828e-01
6.529213673293995379e-01
6.456558513314355485e-01
6.282811187350872961e-01
6.301319930343917131e-01
5.982027411897711255e-01
5.893949138179781500e-01
7.085332890841097297e-01
5.589282494143027469e-01
5.558673991055104180e-01
5.453111412391361545e-01
5.398573919310429847e-01
5.291495285596738984e-01
5.118377442261174970e-01
5.024147825211929819e-01
5.002845747045514546e-01
4.810082820236037948e-01
4.899335374778026053e-01
4.859402377336204948e-01
4.969592346402543215e-01
4.839147201259977882e-01
4.788356112232561856e-01
5.082488264980981052e-01
4.885932659215857510e-01
5.092948089861379923e-01
5.197178758258735876e-01
5.436419569939049401e-01
5.511300478695958516e-01
5.652301980339683452e-01
6.136490388482480629e-01
6.237295582405716354e-01
6.621680799425331276e-01
6.826101487839149051e-01
6.839778545970145451e-01
nan
5.628219063056897342e-01
5.789630253932871451e-01
5.634676870545244354e-01
5.494327027886274362e-01
5.518092448873883615e-01
5.226636654292500239e-01
5.248848731934743217e-01
5.154296349506766184e-01
5.039256072837552392e-01
4.858330890777972644e-01
5.008396460153314855e-01
nan
nan
5.702138718314501142e-01
5.804293319377975546e-01
5.633397250406604329e-01
5.589045684362119459e-01
5.471508032434452273e-01
5.370949970876275348e-01
5.333025360645855528e-01
5.784511994845040750e-01
5.474611748211750673e-01
5.714375184863395019e-01
5.257726670447069317e-01
5.109915237427011814e-01
5.115748393965603436e-01
4.952386367841672965e-01
5.023515504860768255e-01
5.030989342541416498e-01
5.092533891668729051e-01
4.904461786739348628e-01
5.121784237123329087e-01
4.876875069560575593e-01
5.316715834395143725e-01
5.021005303566263844e-01
5.039909540417676359e-01
5.157477687243005038e-01
5.128493761972233722e-01
5.205699757436894615e-01
5.096867358820146299e-01
5.160933455821438143e-01
5.426064431386077302e-01
5.601340935962983991e-01
5.628975984625221862e-01
5.850167495845749466e-01
6.138934969780774908e-01
6.032826454732587163e-01
nan
5.222019256209916582e-01
5.316294323268673239e-01
5.314809061711219806e-01
5.360126101190371140e-01
5.110247996399069903e-01
5.162607607231324280e-01
5.030162634672248334e-01
5.066052778876494189e-01
5.227695121565663072e-01
5.027312912408146151e-01
5.289866134061694813e-01
5.165919109226202455e-01
5.403582791009008401e-01
5.659636899610173133e-01
5.989917499611164819e-01
6.248939103403896578e-01
6.360888022065608327e-01
6.802396194421703735e-01
7.010863258937659603e-01
7.576733222018332548e-01
7.532902875517276664e-01
7.779422619444551490e-01
8.152724502790230643e-01
nan
5.370196714820236750e-01
5.844179194863209359e-01
5.785676442077425374e-01
5.652357481211572887e-01
5.440101807751932528e-01
5.405110815363388665e-01
5.310333195502572323e-01
5.164199921009263727e-01
5.156974518422527964e-01
5.157738382175033331e-01
5.197786993327900840e-01
5.361689244656542286e-01
5.713405747546985713e-01
5.765097514253390010e-01
5.959023717586294788e-01
6.260804780670740088e-01
6.430273740574974362e-01
6.904025438375229751e-01
7.316258387115383011e-01
7.731449645998287323e-01
8.106945063834153364e-01
8.151767030550750581e-01
8.249498604175105054e-01
nan
7.068596934847120039e-01
6.160580319959940709e-01
6.035600621417397393e-01
5.815105492328590531e-01
5.777515235550300110e-01
5.577932217787449076e-01
5.323587698066859497e-01
8.412171788876262601e-01
5.366885276313251296e-01
5.260550342611873820e-01
5.270959125461085470e-01
nan
nan
6.802938301573064894e-01
6.714330752578248074e-01
6.539856372448358268e-01
6.325217604936690385e-01
6.234093111565440770e-01
6.118921827492431742e-01
6.035259986533063614e-01
5.894370710214221765e-01
5.711699196479311791e-01
5.669396092638212536e-01
5.596565536035400523e-01
5.440940756631312825e-01
5.220054109934977316e-01
5.343920186964158381e-01
5.106117154987862561e-01
5.392680511137225574e-01
5.271169442150466233e-01
5.387290898464237587e-01
5.809358336483230190e-01
5.626985408231158781e-01
5.832875994133595032e-01
6.078915616412923217e-01
nan
6.292483844730384357e-01
6.626257847709650095e-01
6.404596946552792991e-01
6.316213873965850212e-01
6.121287767856805617e-01
5.870810473846651556e-01
5.749574111107257357e-01
5.675802912584603233e-01
5.569395475063638745e-01
5.561880622039995226e-01
5.452094025492633111e-01
5.367193266189318468e-01
5.387538044984697683e-01
5.664576485034972242e-01
5.672025172478735167e-01
5.845715596595433272e-01
5.863554823127430371e-01
6.171467335162132972e-01
6.319316626370115042e-01
7.030684162257689884e-01
7.273237073708065381e-01
7.648098329384434013e-01
7.999629517801676304e-01
nan
5.960725746124269087e-01
5.925165416648667804e-01
5.707138001000432448e-01
5.594071004793924606e-01
5.519776963259653835e-01
5.499653674900311096e-01
5.491912449069824564e-01
5.610750766977914417e-01
5.471835153949036190e-01
5.523174154795639224e-01
5.932959671250858102e-01
6.208956368984377416e-01
6.492767038163932414e-01
6.969258823549615567e-01
7.245259631119216337e-01
7.905283927874795502e-01
8.280445916381441451e-01
8.544419598872935451e-01
8.852681916320951361e-01
8.907413090595425187e-01
9.174684612129392347e-01
9.331530413539290691e-01
9.339510611519302730e-01
nan
5.326338607612370879e-01
5.903530183398982834e-01
6.002956941952138914e-01
6.247402682079604697e-01
6.367660270450030691e-01
7.082563022674218667e-01
7.326757064325398749e-01
7.892104043367491606e-01
8.395393200918859211e-01
8.571221117722943594e-01
8.928514716259393635e-01
nan
5.225649713605352575e-01
5.602078896342885805e-01
5.408352491232912840e-01
5.538807636430433945e-01
6.029443615987636340e-01
5.901211715372847166e-01
6.032020859865996343e-01
6.288040368965898130e-01
6.890923169225821043e-01
7.161836064908311261e-01
7.740925758600476492e-01
nan
nan
5.744635615994965194e-01
5.701016309611701693e-01
6.121222028782370428e-01
6.217699105637659596e-01
6.543184777631527727e-01
6.933136330936807701e-01
7.307808306342061799e-01
7.639621401964690195e-01
7.832321157992941929e-01
8.159079977753850299e-01
nan
5.651704725070760826e-01
5.600867343923960906e-01
5.728212095944281712e-01
5.795042669310269678e-01
6.098039930468693859e-01
6.129855930637782002e-01
6.452036217100683979e-01
6.778351569275594679e-01
7.056235429009453108e-01
7.261167778521557814e-01
7.474387689859895989e-01
nan
5.630768253126280376e-01
5.757335908537386526e-01
5.694654405393273500e-01
5.413690019656820507e-01
5.516756155359231473e-01
5.610224241308316984e-01
5.676923696722795398e-01
5.747463118687464734e-01
6.519911470447956603e-01
6.668365664059360265e-01
6.902968662095453345e-01
nan
5.727686381150214334e-01
5.672006464282345339e-01
5.594504823860486642e-01
5.828717921653628897e-01
5.897029907722965980e-01
6.170780909479789411e-01
6.369796818918685988e-01
6.993229596871244347e-01
7.127874755540037910e-01
7.678607341485267357e-01
8.124825205937071804e-01
nan
6.700931943753601905e-01
7.074372455876682952e-01
6.795130215013093222e-01
6.466067211747077437e-01
6.350247154234229807e-01
6.017987871063815719e-01
5.871089733970852320e-01
5.694564797058092598e-01
5.673892197915534341e-01
5.568921183348674031e-01
6.057427965737752773e-01
6.067005714668199934e-01
6.250831651394247457e-01
6.764618400791321262e-01
7.088109710292093135e-01
7.712074784530517091e-01
8.230393891960879893e-01
8.301373200787252049e-01
8.849910395080961001e-01
9.102006931568495940e-01
9.179116202329853369e-01
9.500436874714255353e-01
9.513485456173872423e-01
nan
5.555678752249857411e-01
6.020468438703641123e-01
5.834627175958938539e-01
5.705357340413144129e-01
5.862969065862244644e-01
6.075832151748520316e-01
6.297635509466812387e-01
6.863637156043773668e-01
7.156539242906485576e-01
7.780766883395406897e-01
8.158948459304484757e-01
nan
5.574526213069782576e-01
5.783784241273668414e-01
5.793560221215662276e-01
5.001261190821425506e-01
5.815308612135260402e-01
6.086105320250710937e-01
6.470872159511635857e-01
7.098760386557384505e-01
7.707065170053543079e-01
8.262292564491242608e-01
8.595200351051641707e-01
nan
nan
5.868111510998192948e-01
5.765679791300518664e-01
5.704849531908035010e-01
5.738260227071430020e-01
5.777975226400853259e-01
6.182672388713784661e-01
6.306234580021805591e-01
6.557828127222720127e-01
6.860707812791917437e-01
7.524848363971476939e-01
nan
6.716679506999955196e-01
6.117448794426276759e-01
5.894957161198101092e-01
5.992223579015913959e-01
5.802148723242274153e-01
5.857208095788587476e-01
5.948677072758787876e-01
5.900192183949508618e-01
6.267263396163271771e-01
6.355704742745005298e-01
6.988799235596230286e-01
nan
6.246638372674594430e-01
6.358281932893452559e-01
6.368435089500910085e-01
6.334607135591957539e-01
5.918028222218929546e-01
5.782416603410188705e-01
5.904722443504384355e-01
5.969504504922432675e-01
6.029576724865750581e-01
6.433994816349447587e-01
6.825135912568456309e-01
nan
6.261664500254809917e-01
6.261571115075169613e-01
6.127739465277137754e-01
5.993820908723969110e-01
6.033453351356260486e-01
5.990559501895453831e-01
6.152652247836352117e-01
6.140474264023092488e-01
6.460644616990909306e-01
6.838103167702369589e-01
7.258828701938562222e-01
nan
6.052895536535513044e-01
5.983873737884627397e-01
5.933502973935377289e-01
6.120385264426171368e-01
6.141994582869296782e-01
6.660974359157220137e-01
6.980950915410530921e-01
7.297013819695852277e-01
7.821663986604878716e-01
